# E_lab [MeV]	delta_real [deg]	delta_imag [deg]	cross_section [mb]	S_factor [MeV*mb]
0.0002	-0.0000	0.0000	0.0000	0.0000
0.0003	-0.0000	0.0000	0.0000	0.0000
0.0005	-0.0000	0.0000	0.0000	0.0000
0.0007	-0.0000	0.0000	0.0000	0.0000
0.0008	-0.0000	0.0000	0.0000	0.0000
0.0010	-0.0000	0.0000	0.0000	0.0000
0.0012	-0.0000	0.0000	0.0000	0.0000
0.0013	-0.0000	0.0000	0.0000	0.0000
0.0015	-0.0000	0.0000	0.0000	0.0000
0.0017	-0.0000	0.0000	0.0000	0.0000
0.0018	-0.0000	0.0000	0.0000	0.0000
0.0020	-0.0000	0.0000	0.0000	0.4725
0.0022	-0.0000	0.0000	0.0000	0.2769
0.0023	-0.0000	0.0000	0.0000	0.3247
0.0025	-0.0000	0.0000	0.0000	0.3126
0.0027	-0.0000	0.0000	0.0000	0.3071
0.0028	-0.0000	0.0000	0.0000	0.3084
0.0030	-0.0000	0.0000	0.0000	0.3092
0.0032	-0.0000	0.0000	0.0000	0.3090
0.0033	-0.0000	0.0000	0.0000	0.3093
0.0035	-0.0000	0.0000	0.0000	0.3093
0.0037	-0.0000	0.0000	0.0000	0.3093
0.0038	-0.0000	0.0000	0.0000	0.3092
0.0040	-0.0000	0.0000	0.0000	0.3091
0.0042	-0.0000	0.0000	0.0000	0.3091
0.0043	-0.0000	0.0000	0.0000	0.3091
0.0045	-0.0000	0.0000	0.0000	0.3090
0.0047	-0.0000	0.0000	0.0000	0.3090
0.0048	-0.0000	0.0000	0.0000	0.3089
0.0050	-0.0000	0.0000	0.0000	0.3089
0.0052	-0.0000	0.0000	0.0000	0.3088
0.0053	-0.0000	0.0000	0.0000	0.3088
0.0055	-0.0000	0.0000	0.0000	0.3087
0.0057	-0.0000	0.0000	0.0000	0.3087
0.0058	-0.0000	0.0000	0.0000	0.3086
0.0060	-0.0000	0.0000	0.0000	0.3086
0.0062	-0.0000	0.0000	0.0000	0.3085
0.0063	-0.0000	0.0000	0.0000	0.3085
0.0065	-0.0000	0.0000	0.0000	0.3084
0.0067	-0.0000	0.0000	0.0000	0.3084
0.0068	-0.0000	0.0000	0.0000	0.3083
0.0070	-0.0000	0.0000	0.0000	0.3083
0.0072	-0.0000	0.0000	0.0000	0.3082
0.0073	-0.0000	0.0000	0.0000	0.3082
0.0075	-0.0000	0.0000	0.0000	0.3081
0.0077	-0.0000	0.0000	0.0000	0.3081
0.0078	-0.0000	0.0000	0.0000	0.3081
0.0080	-0.0000	0.0000	0.0000	0.3080
0.0082	-0.0000	0.0000	0.0000	0.3080
0.0083	-0.0000	0.0000	0.0000	0.3079
0.0085	-0.0000	0.0000	0.0000	0.3079
0.0087	-0.0000	0.0000	0.0000	0.3078
0.0088	-0.0000	0.0000	0.0000	0.3078
0.0090	-0.0000	0.0000	0.0000	0.3077
0.0092	-0.0000	0.0000	0.0000	0.3077
0.0093	-0.0000	0.0000	0.0000	0.3076
0.0095	-0.0000	0.0000	0.0000	0.3076
0.0097	-0.0000	0.0000	0.0000	0.3075
0.0098	-0.0000	0.0000	0.0000	0.3075
0.0100	-0.0000	0.0000	0.0000	0.3074
0.0102	-0.0001	0.0000	0.0000	0.3074
0.0103	-0.0001	0.0000	0.0000	0.3073
0.0105	-0.0001	0.0000	0.0000	0.3073
0.0107	-0.0001	0.0000	0.0000	0.3072
0.0108	-0.0001	0.0000	0.0000	0.3072
0.0110	-0.0001	0.0000	0.0000	0.3071
0.0112	-0.0001	0.0000	0.0000	0.3071
0.0113	-0.0001	0.0000	0.0000	0.3070
0.0115	-0.0001	0.0000	0.0000	0.3070
0.0117	-0.0001	0.0000	0.0000	0.3069
0.0118	-0.0002	0.0000	0.0000	0.3069
0.0120	-0.0002	0.0000	0.0000	0.3069
0.0122	-0.0002	0.0000	0.0000	0.3068
0.0123	-0.0002	0.0000	0.0000	0.3068
0.0125	-0.0002	0.0000	0.0000	0.3067
0.0127	-0.0002	0.0000	0.0000	0.3067
0.0128	-0.0003	0.0000	0.0000	0.3066
0.0130	-0.0003	0.0000	0.0000	0.3066
0.0132	-0.0003	0.0000	0.0000	0.3065
0.0133	-0.0003	0.0000	0.0000	0.3065
0.0135	-0.0004	0.0000	0.0000	0.3064
0.0137	-0.0004	0.0000	0.0000	0.3064
0.0138	-0.0004	0.0000	0.0000	0.3063
0.0140	-0.0004	0.0000	0.0000	0.3063
0.0142	-0.0005	0.0000	0.0000	0.3062
0.0143	-0.0005	0.0000	0.0000	0.3062
0.0145	-0.0005	0.0000	0.0000	0.3061
0.0147	-0.0006	0.0000	0.0000	0.3061
0.0148	-0.0006	0.0000	0.0000	0.3060
0.0150	-0.0006	0.0000	0.0000	0.3060
0.0152	-0.0007	0.0000	0.0000	0.3059
0.0153	-0.0007	0.0000	0.0000	0.3059
0.0155	-0.0008	0.0000	0.0000	0.3058
0.0157	-0.0008	0.0000	0.0000	0.3058
0.0158	-0.0009	0.0000	0.0000	0.3057
0.0160	-0.0009	0.0000	0.0000	0.3057
0.0162	-0.0010	0.0000	0.0000	0.3056
0.0163	-0.0010	0.0000	0.0000	0.3056
0.0165	-0.0011	0.0000	0.0000	0.3055
0.0167	-0.0012	0.0000	0.0000	0.3055
0.0168	-0.0012	0.0000	0.0000	0.3054
0.0170	-0.0013	0.0000	0.0000	0.3054
0.0172	-0.0014	0.0000	0.0000	0.3053
0.0173	-0.0014	0.0000	0.0000	0.3053
0.0175	-0.0015	0.0000	0.0000	0.3052
0.0177	-0.0016	0.0000	0.0000	0.3052
0.0178	-0.0017	0.0000	0.0000	0.3051
0.0180	-0.0018	0.0000	0.0000	0.3051
0.0182	-0.0018	0.0000	0.0000	0.3050
0.0183	-0.0019	0.0000	0.0000	0.3050
0.0185	-0.0020	0.0000	0.0000	0.3049
0.0187	-0.0021	0.0000	0.0000	0.3049
0.0188	-0.0022	0.0000	0.0000	0.3048
0.0190	-0.0023	0.0000	0.0000	0.3048
0.0192	-0.0024	0.0000	0.0000	0.3047
0.0193	-0.0025	0.0000	0.0000	0.3047
0.0195	-0.0026	0.0000	0.0000	0.3046
0.0197	-0.0028	0.0000	0.0000	0.3046
0.0198	-0.0029	0.0000	0.0000	0.3045
0.0200	-0.0030	0.0000	0.0000	0.3045
0.0202	-0.0031	0.0000	0.0000	0.3044
0.0203	-0.0032	0.0000	0.0000	0.3044
0.0205	-0.0034	0.0000	0.0000	0.3043
0.0207	-0.0035	0.0000	0.0000	0.3043
0.0208	-0.0037	0.0000	0.0000	0.3042
0.0210	-0.0038	0.0000	0.0000	0.3042
0.0212	-0.0039	0.0000	0.0000	0.3041
0.0213	-0.0041	0.0000	0.0000	0.3041
0.0215	-0.0043	0.0000	0.0000	0.3040
0.0217	-0.0044	0.0000	0.0000	0.3040
0.0218	-0.0046	0.0000	0.0000	0.3039
0.0220	-0.0047	0.0000	0.0000	0.3039
0.0222	-0.0049	0.0000	0.0000	0.3038
0.0223	-0.0051	0.0000	0.0000	0.3038
0.0225	-0.0053	0.0000	0.0000	0.3037
0.0227	-0.0054	0.0000	0.0000	0.3037
0.0228	-0.0056	0.0000	0.0000	0.3036
0.0230	-0.0058	0.0000	0.0000	0.3036
0.0232	-0.0060	0.0000	0.0000	0.3035
0.0233	-0.0062	0.0000	0.0000	0.3035
0.0235	-0.0064	0.0000	0.0000	0.3034
0.0237	-0.0066	0.0000	0.0000	0.3034
0.0238	-0.0069	0.0000	0.0000	0.3033
0.0240	-0.0071	0.0000	0.0000	0.3033
0.0242	-0.0073	0.0000	0.0000	0.3032
0.0243	-0.0075	0.0000	0.0000	0.3032
0.0245	-0.0078	0.0000	0.0000	0.3031
0.0247	-0.0080	0.0000	0.0000	0.3031
0.0248	-0.0082	0.0000	0.0000	0.3030
0.0250	-0.0085	0.0000	0.0000	0.3030
0.0252	-0.0087	0.0000	0.0000	0.3029
0.0253	-0.0090	0.0000	0.0000	0.3029
0.0255	-0.0093	0.0000	0.0000	0.3028
0.0257	-0.0095	0.0000	0.0000	0.3028
0.0258	-0.0098	0.0000	0.0000	0.3027
0.0260	-0.0101	0.0000	0.0000	0.3027
0.0262	-0.0104	0.0000	0.0000	0.3026
0.0263	-0.0106	0.0000	0.0000	0.3026
0.0265	-0.0109	0.0000	0.0000	0.3025
0.0267	-0.0112	0.0000	0.0000	0.3025
0.0268	-0.0115	0.0000	0.0000	0.3024
0.0270	-0.0118	0.0000	0.0000	0.3024
0.0272	-0.0122	0.0000	0.0000	0.3023
0.0273	-0.0125	0.0000	0.0000	0.3023
0.0275	-0.0128	0.0000	0.0000	0.3022
0.0277	-0.0131	0.0000	0.0000	0.3022
0.0278	-0.0135	0.0000	0.0000	0.3021
0.0280	-0.0138	0.0000	0.0000	0.3021
0.0282	-0.0141	0.0000	0.0000	0.3020
0.0283	-0.0145	0.0000	0.0000	0.3020
0.0285	-0.0148	0.0000	0.0000	0.3019
0.0287	-0.0152	0.0000	0.0000	0.3019
0.0288	-0.0156	0.0000	0.0000	0.3018
0.0290	-0.0160	0.0000	0.0000	0.3018
0.0292	-0.0163	0.0000	0.0000	0.3017
0.0293	-0.0167	0.0000	0.0000	0.3017
0.0295	-0.0171	0.0000	0.0000	0.3016
0.0297	-0.0175	0.0000	0.0001	0.3016
0.0298	-0.0179	0.0000	0.0001	0.3015
0.0300	-0.0183	0.0000	0.0001	0.3015
0.0302	-0.0187	0.0000	0.0001	0.3014
0.0303	-0.0191	0.0000	0.0001	0.3014
0.0305	-0.0196	0.0000	0.0001	0.3013
0.0307	-0.0200	0.0000	0.0001	0.3013
0.0308	-0.0204	0.0000	0.0001	0.3012
0.0310	-0.0209	0.0000	0.0001	0.3012
0.0312	-0.0213	0.0000	0.0001	0.3011
0.0313	-0.0218	0.0000	0.0001	0.3011
0.0315	-0.0222	0.0000	0.0001	0.3010
0.0317	-0.0227	0.0000	0.0001	0.3010
0.0318	-0.0232	0.0000	0.0001	0.3009
0.0320	-0.0236	0.0000	0.0001	0.3009
0.0322	-0.0241	0.0000	0.0001	0.3008
0.0323	-0.0246	0.0000	0.0001	0.3008
0.0325	-0.0251	0.0000	0.0001	0.3007
0.0327	-0.0256	0.0000	0.0001	0.3007
0.0328	-0.0261	0.0000	0.0001	0.3006
0.0330	-0.0266	0.0000	0.0001	0.3005
0.0332	-0.0271	0.0000	0.0001	0.3005
0.0333	-0.0277	0.0000	0.0001	0.3004
0.0335	-0.0282	0.0000	0.0001	0.3004
0.0337	-0.0287	0.0000	0.0001	0.3003
0.0338	-0.0293	0.0000	0.0001	0.3003
0.0340	-0.0298	0.0000	0.0001	0.3002
0.0342	-0.0304	0.0000	0.0001	0.3002
0.0343	-0.0309	0.0000	0.0001	0.3001
0.0345	-0.0315	0.0000	0.0001	0.3001
0.0347	-0.0321	0.0000	0.0001	0.3000
0.0348	-0.0327	0.0000	0.0001	0.3000
0.0350	-0.0332	0.0000	0.0001	0.2999
0.0352	-0.0338	0.0000	0.0001	0.2999
0.0353	-0.0344	0.0000	0.0001	0.2998
0.0355	-0.0350	0.0000	0.0001	0.2998
0.0357	-0.0356	0.0000	0.0001	0.2997
0.0358	-0.0363	0.0000	0.0001	0.2997
0.0360	-0.0369	0.0000	0.0001	0.2996
0.0362	-0.0375	0.0000	0.0001	0.2996
0.0363	-0.0382	0.0001	0.0001	0.2995
0.0365	-0.0388	0.0001	0.0001	0.2995
0.0367	-0.0394	0.0001	0.0001	0.2994
0.0368	-0.0401	0.0001	0.0001	0.2994
0.0370	-0.0408	0.0001	0.0001	0.2993
0.0372	-0.0414	0.0001	0.0001	0.2993
0.0373	-0.0421	0.0001	0.0001	0.2992
0.0375	-0.0428	0.0001	0.0001	0.2992
0.0377	-0.0435	0.0001	0.0001	0.2991
0.0378	-0.0442	0.0001	0.0001	0.2991
0.0380	-0.0449	0.0001	0.0001	0.2990
0.0382	-0.0456	0.0001	0.0001	0.2990
0.0383	-0.0463	0.0001	0.0001	0.2989
0.0385	-0.0470	0.0001	0.0001	0.2989
0.0387	-0.0477	0.0001	0.0001	0.2988
0.0388	-0.0485	0.0001	0.0001	0.2988
0.0390	-0.0492	0.0001	0.0001	0.2987
0.0392	-0.0499	0.0001	0.0001	0.2987
0.0393	-0.0507	0.0001	0.0001	0.2986
0.0395	-0.0514	0.0001	0.0001	0.2986
0.0397	-0.0522	0.0001	0.0001	0.2985
0.0398	-0.0530	0.0001	0.0001	0.2985
0.0400	-0.0537	0.0001	0.0001	0.2984
0.0402	-0.0545	0.0001	0.0001	0.2984
0.0403	-0.0553	0.0001	0.0001	0.2983
0.0405	-0.0561	0.0001	0.0001	0.2983
0.0407	-0.0569	0.0001	0.0001	0.2982
0.0408	-0.0577	0.0001	0.0001	0.2982
0.0410	-0.0585	0.0001	0.0001	0.2981
0.0412	-0.0594	0.0001	0.0001	0.2981
0.0413	-0.0602	0.0001	0.0001	0.2980
0.0415	-0.0610	0.0001	0.0001	0.2980
0.0417	-0.0619	0.0001	0.0001	0.2979
0.0418	-0.0627	0.0001	0.0001	0.2979
0.0420	-0.0636	0.0001	0.0001	0.2978
0.0422	-0.0644	0.0001	0.0001	0.2978
0.0423	-0.0653	0.0001	0.0001	0.2977
0.0425	-0.0662	0.0001	0.0001	0.2977
0.0427	-0.0670	0.0001	0.0001	0.2976
0.0428	-0.0679	0.0001	0.0001	0.2976
0.0430	-0.0688	0.0001	0.0001	0.2975
0.0432	-0.0697	0.0001	0.0001	0.2975
0.0433	-0.0706	0.0001	0.0001	0.2974
0.0435	-0.0715	0.0001	0.0001	0.2974
0.0437	-0.0724	0.0001	0.0001	0.2973
0.0438	-0.0734	0.0001	0.0001	0.2973
0.0440	-0.0743	0.0001	0.0001	0.2972
0.0442	-0.0752	0.0001	0.0001	0.2972
0.0443	-0.0762	0.0001	0.0001	0.2971
0.0445	-0.0771	0.0001	0.0001	0.2971
0.0447	-0.0781	0.0001	0.0001	0.2970
0.0448	-0.0790	0.0001	0.0001	0.2970
0.0450	-0.0800	0.0001	0.0002	0.2969
0.0452	-0.0810	0.0001	0.0002	0.2969
0.0453	-0.0820	0.0001	0.0002	0.2968
0.0455	-0.0829	0.0001	0.0002	0.2968
0.0457	-0.0839	0.0001	0.0002	0.2967
0.0458	-0.0849	0.0001	0.0002	0.2967
0.0460	-0.0859	0.0001	0.0002	0.2966
0.0462	-0.0869	0.0001	0.0002	0.2966
0.0463	-0.0880	0.0001	0.0002	0.2965
0.0465	-0.0890	0.0001	0.0002	0.2965
0.0467	-0.0900	0.0001	0.0002	0.2964
0.0468	-0.0911	0.0001	0.0002	0.2964
0.0470	-0.0921	0.0001	0.0002	0.2963
0.0472	-0.0932	0.0001	0.0002	0.2963
0.0473	-0.0942	0.0001	0.0002	0.2962
0.0475	-0.0953	0.0001	0.0002	0.2962
0.0477	-0.0963	0.0001	0.0002	0.2961
0.0478	-0.0974	0.0001	0.0002	0.2961
0.0480	-0.0985	0.0001	0.0002	0.2960
0.0482	-0.0996	0.0001	0.0002	0.2960
0.0483	-0.1007	0.0001	0.0002	0.2959
0.0485	-0.1018	0.0001	0.0002	0.2959
0.0487	-0.1029	0.0001	0.0002	0.2959
0.0488	-0.1040	0.0001	0.0002	0.2958
0.0490	-0.1051	0.0001	0.0002	0.2958
0.0492	-0.1062	0.0001	0.0002	0.2957
0.0493	-0.1074	0.0001	0.0002	0.2957
0.0495	-0.1085	0.0001	0.0002	0.2956
0.0497	-0.1096	0.0001	0.0002	0.2956
0.0498	-0.1108	0.0001	0.0002	0.2955
0.0500	-0.1120	0.0001	0.0002	0.2955
0.0502	-0.1131	0.0001	0.0002	0.2954
0.0503	-0.1143	0.0002	0.0002	0.2954
0.0505	-0.1155	0.0002	0.0002	0.2953
0.0507	-0.1166	0.0002	0.0002	0.2953
0.0508	-0.1178	0.0002	0.0002	0.2952
0.0510	-0.1190	0.0002	0.0002	0.2952
0.0512	-0.1202	0.0002	0.0002	0.2951
0.0513	-0.1214	0.0002	0.0002	0.2951
0.0515	-0.1226	0.0002	0.0002	0.2950
0.0517	-0.1239	0.0002	0.0002	0.2950
0.0518	-0.1251	0.0002	0.0002	0.2949
0.0520	-0.1263	0.0002	0.0002	0.2949
0.0522	-0.1275	0.0002	0.0002	0.2948
0.0523	-0.1288	0.0002	0.0002	0.2948
0.0525	-0.1300	0.0002	0.0002	0.2947
0.0527	-0.1313	0.0002	0.0002	0.2947
0.0528	-0.1325	0.0002	0.0002	0.2946
0.0530	-0.1338	0.0002	0.0002	0.2946
0.0532	-0.1351	0.0002	0.0002	0.2946
0.0533	-0.1364	0.0002	0.0002	0.2945
0.0535	-0.1376	0.0002	0.0002	0.2945
0.0537	-0.1389	0.0002	0.0002	0.2944
0.0538	-0.1402	0.0002	0.0002	0.2944
0.0540	-0.1415	0.0002	0.0002	0.2943
0.0542	-0.1428	0.0002	0.0002	0.2943
0.0543	-0.1441	0.0002	0.0002	0.2942
0.0545	-0.1455	0.0002	0.0002	0.2942
0.0547	-0.1468	0.0002	0.0002	0.2941
0.0548	-0.1481	0.0002	0.0002	0.2941
0.0550	-0.1495	0.0002	0.0002	0.2940
0.0552	-0.1508	0.0002	0.0002	0.2940
0.0553	-0.1522	0.0002	0.0002	0.2939
0.0555	-0.1535	0.0002	0.0002	0.2939
0.0557	-0.1549	0.0002	0.0002	0.2938
0.0558	-0.1562	0.0002	0.0002	0.2938
0.0560	-0.1576	0.0002	0.0002	0.2938
0.0562	-0.1590	0.0002	0.0002	0.2937
0.0563	-0.1604	0.0002	0.0002	0.2937
0.0565	-0.1618	0.0002	0.0002	0.2936
0.0567	-0.1632	0.0002	0.0002	0.2936
0.0568	-0.1646	0.0002	0.0002	0.2935
0.0570	-0.1660	0.0002	0.0002	0.2935
0.0572	-0.1674	0.0002	0.0002	0.2934
0.0573	-0.1688	0.0002	0.0002	0.2934
0.0575	-0.1702	0.0002	0.0002	0.2933
0.0577	-0.1716	0.0002	0.0002	0.2933
0.0578	-0.1731	0.0002	0.0003	0.2932
0.0580	-0.1745	0.0002	0.0003	0.2932
0.0582	-0.1760	0.0002	0.0003	0.2931
0.0583	-0.1774	0.0002	0.0003	0.2931
0.0585	-0.1789	0.0002	0.0003	0.2931
0.0587	-0.1803	0.0002	0.0003	0.2930
0.0588	-0.1818	0.0002	0.0003	0.2930
0.0590	-0.1833	0.0002	0.0003	0.2929
0.0592	-0.1848	0.0002	0.0003	0.2929
0.0593	-0.1863	0.0002	0.0003	0.2928
0.0595	-0.1877	0.0002	0.0003	0.2928
0.0597	-0.1892	0.0002	0.0003	0.2927
0.0598	-0.1907	0.0003	0.0003	0.2927
0.0600	-0.1923	0.0003	0.0003	0.2926
0.0602	-0.1938	0.0003	0.0003	0.2926
0.0603	-0.1953	0.0003	0.0003	0.2925
0.0605	-0.1968	0.0003	0.0003	0.2925
0.0607	-0.1983	0.0003	0.0003	0.2925
0.0608	-0.1999	0.0003	0.0003	0.2924
0.0610	-0.2014	0.0003	0.0003	0.2924
0.0612	-0.2030	0.0003	0.0003	0.2923
0.0613	-0.2045	0.0003	0.0003	0.2923
0.0615	-0.2061	0.0003	0.0003	0.2922
0.0617	-0.2077	0.0003	0.0003	0.2922
0.0618	-0.2092	0.0003	0.0003	0.2921
0.0620	-0.2108	0.0003	0.0003	0.2921
0.0622	-0.2124	0.0003	0.0003	0.2920
0.0623	-0.2140	0.0003	0.0003	0.2920
0.0625	-0.2156	0.0003	0.0003	0.2920
0.0627	-0.2171	0.0003	0.0003	0.2919
0.0628	-0.2187	0.0003	0.0003	0.2919
0.0630	-0.2204	0.0003	0.0003	0.2918
0.0632	-0.2220	0.0003	0.0003	0.2918
0.0633	-0.2236	0.0003	0.0003	0.2917
0.0635	-0.2252	0.0003	0.0003	0.2917
0.0637	-0.2268	0.0003	0.0003	0.2916
0.0638	-0.2285	0.0003	0.0003	0.2916
0.0640	-0.2301	0.0003	0.0003	0.2916
0.0642	-0.2318	0.0003	0.0003	0.2915
0.0643	-0.2334	0.0003	0.0003	0.2915
0.0645	-0.2351	0.0003	0.0003	0.2914
0.0647	-0.2367	0.0003	0.0003	0.2914
0.0648	-0.2384	0.0003	0.0003	0.2913
0.0650	-0.2401	0.0003	0.0003	0.2913
0.0652	-0.2417	0.0003	0.0003	0.2912
0.0653	-0.2434	0.0003	0.0003	0.2912
0.0655	-0.2451	0.0003	0.0003	0.2912
0.0657	-0.2468	0.0003	0.0003	0.2911
0.0658	-0.2485	0.0003	0.0003	0.2911
0.0660	-0.2502	0.0003	0.0003	0.2910
0.0662	-0.2519	0.0003	0.0003	0.2910
0.0663	-0.2536	0.0003	0.0003	0.2909
0.0665	-0.2553	0.0003	0.0003	0.2909
0.0667	-0.2570	0.0003	0.0003	0.2909
0.0668	-0.2588	0.0003	0.0003	0.2908
0.0670	-0.2605	0.0003	0.0003	0.2908
0.0672	-0.2622	0.0003	0.0003	0.2907
0.0673	-0.2640	0.0003	0.0003	0.2907
0.0675	-0.2657	0.0003	0.0003	0.2906
0.0677	-0.2675	0.0004	0.0003	0.2906
0.0678	-0.2692	0.0004	0.0003	0.2905
0.0680	-0.2710	0.0004	0.0003	0.2905
0.0682	-0.2728	0.0004	0.0003	0.2905
0.0683	-0.2745	0.0004	0.0003	0.2904
0.0685	-0.2763	0.0004	0.0003	0.2904
0.0687	-0.2781	0.0004	0.0003	0.2903
0.0688	-0.2799	0.0004	0.0003	0.2903
0.0690	-0.2817	0.0004	0.0003	0.2902
0.0692	-0.2835	0.0004	0.0003	0.2902
0.0693	-0.2853	0.0004	0.0003	0.2902
0.0695	-0.2871	0.0004	0.0003	0.2901
0.0697	-0.2889	0.0004	0.0003	0.2901
0.0698	-0.2907	0.0004	0.0003	0.2900
0.0700	-0.2925	0.0004	0.0003	0.2900
0.0702	-0.2943	0.0004	0.0003	0.2899
0.0703	-0.2962	0.0004	0.0004	0.2899
0.0705	-0.2980	0.0004	0.0004	0.2899
0.0707	-0.2998	0.0004	0.0004	0.2898
0.0708	-0.3017	0.0004	0.0004	0.2898
0.0710	-0.3035	0.0004	0.0004	0.2897
0.0712	-0.3054	0.0004	0.0004	0.2897
0.0713	-0.3073	0.0004	0.0004	0.2896
0.0715	-0.3091	0.0004	0.0004	0.2896
0.0717	-0.3110	0.0004	0.0004	0.2896
0.0718	-0.3129	0.0004	0.0004	0.2895
0.0720	-0.3147	0.0004	0.0004	0.2895
0.0722	-0.3166	0.0004	0.0004	0.2894
0.0723	-0.3185	0.0004	0.0004	0.2894
0.0725	-0.3204	0.0004	0.0004	0.2893
0.0727	-0.3223	0.0004	0.0004	0.2893
0.0728	-0.3242	0.0004	0.0004	0.2893
0.0730	-0.3261	0.0004	0.0004	0.2892
0.0732	-0.3280	0.0004	0.0004	0.2892
0.0733	-0.3299	0.0004	0.0004	0.2891
0.0735	-0.3318	0.0004	0.0004	0.2891
0.0737	-0.3338	0.0004	0.0004	0.2891
0.0738	-0.3357	0.0004	0.0004	0.2890
0.0740	-0.3376	0.0004	0.0004	0.2890
0.0742	-0.3396	0.0004	0.0004	0.2889
0.0743	-0.3415	0.0004	0.0004	0.2889
0.0745	-0.3435	0.0004	0.0004	0.2888
0.0747	-0.3454	0.0005	0.0004	0.2888
0.0748	-0.3474	0.0005	0.0004	0.2888
0.0750	-0.3493	0.0005	0.0004	0.2887
0.0752	-0.3513	0.0005	0.0004	0.2887
0.0753	-0.3532	0.0005	0.0004	0.2886
0.0755	-0.3552	0.0005	0.0004	0.2886
0.0757	-0.3572	0.0005	0.0004	0.2886
0.0758	-0.3592	0.0005	0.0004	0.2885
0.0760	-0.3612	0.0005	0.0004	0.2885
0.0762	-0.3632	0.0005	0.0004	0.2884
0.0763	-0.3652	0.0005	0.0004	0.2884
0.0765	-0.3672	0.0005	0.0004	0.2884
0.0767	-0.3692	0.0005	0.0004	0.2883
0.0768	-0.3712	0.0005	0.0004	0.2883
0.0770	-0.3732	0.0005	0.0004	0.2882
0.0772	-0.3752	0.0005	0.0004	0.2882
0.0773	-0.3772	0.0005	0.0004	0.2882
0.0775	-0.3792	0.0005	0.0004	0.2881
0.0777	-0.3813	0.0005	0.0004	0.2881
0.0778	-0.3833	0.0005	0.0004	0.2880
0.0780	-0.3853	0.0005	0.0004	0.2880
0.0782	-0.3874	0.0005	0.0004	0.2879
0.0783	-0.3894	0.0005	0.0004	0.2879
0.0785	-0.3915	0.0005	0.0004	0.2879
0.0787	-0.3935	0.0005	0.0004	0.2878
0.0788	-0.3956	0.0005	0.0004	0.2878
0.0790	-0.3977	0.0005	0.0004	0.2877
0.0792	-0.3997	0.0005	0.0004	0.2877
0.0793	-0.4018	0.0005	0.0004	0.2877
0.0795	-0.4039	0.0005	0.0004	0.2876
0.0797	-0.4060	0.0005	0.0004	0.2876
0.0798	-0.4080	0.0005	0.0004	0.2875
0.0800	-0.4101	0.0005	0.0004	0.2875
0.0802	-0.4122	0.0005	0.0004	0.2875
0.0803	-0.4143	0.0005	0.0004	0.2874
0.0805	-0.4164	0.0005	0.0004	0.2874
0.0807	-0.4185	0.0005	0.0004	0.2874
0.0808	-0.4206	0.0005	0.0004	0.2873
0.0810	-0.4227	0.0006	0.0004	0.2873
0.0812	-0.4249	0.0006	0.0004	0.2872
0.0813	-0.4270	0.0006	0.0004	0.2872
0.0815	-0.4291	0.0006	0.0004	0.2872
0.0817	-0.4312	0.0006	0.0004	0.2871
0.0818	-0.4334	0.0006	0.0004	0.2871
0.0820	-0.4355	0.0006	0.0004	0.2870
0.0822	-0.4376	0.0006	0.0004	0.2870
0.0823	-0.4398	0.0006	0.0004	0.2870
0.0825	-0.4419	0.0006	0.0004	0.2869
0.0827	-0.4441	0.0006	0.0004	0.2869
0.0828	-0.4462	0.0006	0.0004	0.2868
0.0830	-0.4484	0.0006	0.0004	0.2868
0.0832	-0.4506	0.0006	0.0004	0.2868
0.0833	-0.4527	0.0006	0.0004	0.2867
0.0835	-0.4549	0.0006	0.0005	0.2867
0.0837	-0.4571	0.0006	0.0005	0.2866
0.0838	-0.4593	0.0006	0.0005	0.2866
0.0840	-0.4614	0.0006	0.0005	0.2866
0.0842	-0.4636	0.0006	0.0005	0.2865
0.0843	-0.4658	0.0006	0.0005	0.2865
0.0845	-0.4680	0.0006	0.0005	0.2865
0.0847	-0.4702	0.0006	0.0005	0.2864
0.0848	-0.4724	0.0006	0.0005	0.2864
0.0850	-0.4746	0.0006	0.0005	0.2863
0.0852	-0.4768	0.0006	0.0005	0.2863
0.0853	-0.4790	0.0006	0.0005	0.2863
0.0855	-0.4813	0.0006	0.0005	0.2862
0.0857	-0.4835	0.0006	0.0005	0.2862
0.0858	-0.4857	0.0006	0.0005	0.2861
0.0860	-0.4879	0.0006	0.0005	0.2861
0.0862	-0.4902	0.0006	0.0005	0.2861
0.0863	-0.4924	0.0006	0.0005	0.2860
0.0865	-0.4946	0.0006	0.0005	0.2860
0.0867	-0.4969	0.0006	0.0005	0.2860
0.0868	-0.4991	0.0006	0.0005	0.2859
0.0870	-0.5014	0.0007	0.0005	0.2859
0.0872	-0.5036	0.0007	0.0005	0.2858
0.0873	-0.5059	0.0007	0.0005	0.2858
0.0875	-0.5081	0.0007	0.0005	0.2858
0.0877	-0.5104	0.0007	0.0005	0.2857
0.0878	-0.5127	0.0007	0.0005	0.2857
0.0880	-0.5149	0.0007	0.0005	0.2857
0.0882	-0.5172	0.0007	0.0005	0.2856
0.0883	-0.5195	0.0007	0.0005	0.2856
0.0885	-0.5218	0.0007	0.0005	0.2855
0.0887	-0.5241	0.0007	0.0005	0.2855
0.0888	-0.5264	0.0007	0.0005	0.2855
0.0890	-0.5287	0.0007	0.0005	0.2854
0.0892	-0.5310	0.0007	0.0005	0.2854
0.0893	-0.5333	0.0007	0.0005	0.2854
0.0895	-0.5356	0.0007	0.0005	0.2853
0.0897	-0.5379	0.0007	0.0005	0.2853
0.0898	-0.5402	0.0007	0.0005	0.2853
0.0900	-0.5425	0.0007	0.0005	0.2852
0.0902	-0.5448	0.0007	0.0005	0.2852
0.0903	-0.5471	0.0007	0.0005	0.2851
0.0905	-0.5494	0.0007	0.0005	0.2851
0.0907	-0.5518	0.0007	0.0005	0.2851
0.0908	-0.5541	0.0007	0.0005	0.2850
0.0910	-0.5564	0.0007	0.0005	0.2850
0.0912	-0.5588	0.0007	0.0005	0.2850
0.0913	-0.5611	0.0007	0.0005	0.2849
0.0915	-0.5635	0.0007	0.0005	0.2849
0.0917	-0.5658	0.0007	0.0005	0.2849
0.0918	-0.5682	0.0007	0.0005	0.2848
0.0920	-0.5705	0.0007	0.0005	0.2848
0.0922	-0.5729	0.0007	0.0005	0.2847
0.0923	-0.5752	0.0007	0.0005	0.2847
0.0925	-0.5776	0.0007	0.0005	0.2847
0.0927	-0.5800	0.0008	0.0005	0.2846
0.0928	-0.5823	0.0008	0.0005	0.2846
0.0930	-0.5847	0.0008	0.0005	0.2846
0.0932	-0.5871	0.0008	0.0005	0.2845
0.0933	-0.5895	0.0008	0.0005	0.2845
0.0935	-0.5919	0.0008	0.0005	0.2845
0.0937	-0.5942	0.0008	0.0005	0.2844
0.0938	-0.5966	0.0008	0.0005	0.2844
0.0940	-0.5990	0.0008	0.0005	0.2843
0.0942	-0.6014	0.0008	0.0005	0.2843
0.0943	-0.6038	0.0008	0.0005	0.2843
0.0945	-0.6062	0.0008	0.0005	0.2842
0.0947	-0.6086	0.0008	0.0005	0.2842
0.0948	-0.6110	0.0008	0.0005	0.2842
0.0950	-0.6134	0.0008	0.0005	0.2841
0.0952	-0.6159	0.0008	0.0005	0.2841
0.0953	-0.6183	0.0008	0.0005	0.2841
0.0955	-0.6207	0.0008	0.0005	0.2840
0.0957	-0.6231	0.0008	0.0005	0.2840
0.0958	-0.6256	0.0008	0.0005	0.2840
0.0960	-0.6280	0.0008	0.0005	0.2839
0.0962	-0.6304	0.0008	0.0005	0.2839
0.0963	-0.6329	0.0008	0.0005	0.2839
0.0965	-0.6353	0.0008	0.0005	0.2838
0.0967	-0.6377	0.0008	0.0005	0.2838
0.0968	-0.6402	0.0008	0.0005	0.2837
0.0970	-0.6426	0.0008	0.0005	0.2837
0.0972	-0.6451	0.0008	0.0005	0.2837
0.0973	-0.6475	0.0008	0.0005	0.2836
0.0975	-0.6500	0.0008	0.0005	0.2836
0.0977	-0.6525	0.0008	0.0005	0.2836
0.0978	-0.6549	0.0008	0.0006	0.2835
0.0980	-0.6574	0.0008	0.0006	0.2835
0.0982	-0.6599	0.0009	0.0006	0.2835
0.0983	-0.6623	0.0009	0.0006	0.2834
0.0985	-0.6648	0.0009	0.0006	0.2834
0.0987	-0.6673	0.0009	0.0006	0.2834
0.0988	-0.6698	0.0009	0.0006	0.2833
0.0990	-0.6723	0.0009	0.0006	0.2833
0.0992	-0.6748	0.0009	0.0006	0.2833
0.0993	-0.6772	0.0009	0.0006	0.2832
0.0995	-0.6797	0.0009	0.0006	0.2832
0.0997	-0.6822	0.0009	0.0006	0.2832
0.0998	-0.6847	0.0009	0.0006	0.2831
0.1000	-0.6872	0.0009	0.0006	0.2831
0.1002	-0.6897	0.0009	0.0006	0.2831
0.1003	-0.6922	0.0009	0.0006	0.2830
0.1005	-0.6948	0.0009	0.0006	0.2830
0.1007	-0.6973	0.0009	0.0006	0.2830
0.1008	-0.6998	0.0009	0.0006	0.2829
0.1010	-0.7023	0.0009	0.0006	0.2829
0.1012	-0.7048	0.0009	0.0006	0.2829
0.1013	-0.7074	0.0009	0.0006	0.2828
0.1015	-0.7099	0.0009	0.0006	0.2828
0.1017	-0.7124	0.0009	0.0006	0.2828
0.1018	-0.7149	0.0009	0.0006	0.2827
0.1020	-0.7175	0.0009	0.0006	0.2827
0.1022	-0.7200	0.0009	0.0006	0.2827
0.1023	-0.7226	0.0009	0.0006	0.2826
0.1025	-0.7251	0.0009	0.0006	0.2826
0.1027	-0.7277	0.0009	0.0006	0.2826
0.1028	-0.7302	0.0009	0.0006	0.2825
0.1030	-0.7328	0.0009	0.0006	0.2825
0.1032	-0.7353	0.0009	0.0006	0.2825
0.1033	-0.7379	0.0010	0.0006	0.2824
0.1035	-0.7404	0.0010	0.0006	0.2824
0.1037	-0.7430	0.0010	0.0006	0.2824
0.1038	-0.7456	0.0010	0.0006	0.2823
0.1040	-0.7481	0.0010	0.0006	0.2823
0.1042	-0.7507	0.0010	0.0006	0.2823
0.1043	-0.7533	0.0010	0.0006	0.2822
0.1045	-0.7559	0.0010	0.0006	0.2822
0.1047	-0.7584	0.0010	0.0006	0.2822
0.1048	-0.7610	0.0010	0.0006	0.2821
0.1050	-0.7636	0.0010	0.0006	0.2821
0.1052	-0.7662	0.0010	0.0006	0.2821
0.1053	-0.7688	0.0010	0.0006	0.2820
0.1055	-0.7714	0.0010	0.0006	0.2820
0.1057	-0.7740	0.0010	0.0006	0.2820
0.1058	-0.7766	0.0010	0.0006	0.2819
0.1060	-0.7792	0.0010	0.0006	0.2819
0.1062	-0.7818	0.0010	0.0006	0.2819
0.1063	-0.7844	0.0010	0.0006	0.2818
0.1065	-0.7870	0.0010	0.0006	0.2818
0.1067	-0.7896	0.0010	0.0006	0.2818
0.1068	-0.7922	0.0010	0.0006	0.2817
0.1070	-0.7948	0.0010	0.0006	0.2817
0.1072	-0.7974	0.0010	0.0006	0.2817
0.1073	-0.8000	0.0010	0.0006	0.2817
0.1075	-0.8027	0.0010	0.0006	0.2816
0.1077	-0.8053	0.0010	0.0006	0.2816
0.1078	-0.8079	0.0010	0.0006	0.2816
0.1080	-0.8105	0.0010	0.0006	0.2815
0.1082	-0.8132	0.0010	0.0006	0.2815
0.1083	-0.8158	0.0010	0.0006	0.2815
0.1085	-0.8185	0.0011	0.0006	0.2814
0.1087	-0.8211	0.0011	0.0006	0.2814
0.1088	-0.8237	0.0011	0.0006	0.2814
0.1090	-0.8264	0.0011	0.0006	0.2813
0.1092	-0.8290	0.0011	0.0006	0.2813
0.1093	-0.8317	0.0011	0.0006	0.2813
0.1095	-0.8343	0.0011	0.0006	0.2812
0.1097	-0.8370	0.0011	0.0006	0.2812
0.1098	-0.8396	0.0011	0.0006	0.2812
0.1100	-0.8423	0.0011	0.0006	0.2811
0.1102	-0.8450	0.0011	0.0006	0.2811
0.1103	-0.8476	0.0011	0.0006	0.2811
0.1105	-0.8503	0.0011	0.0006	0.2811
0.1107	-0.8530	0.0011	0.0006	0.2810
0.1108	-0.8556	0.0011	0.0006	0.2810
0.1110	-0.8583	0.0011	0.0006	0.2810
0.1112	-0.8610	0.0011	0.0006	0.2809
0.1113	-0.8637	0.0011	0.0006	0.2809
0.1115	-0.8663	0.0011	0.0006	0.2809
0.1117	-0.8690	0.0011	0.0006	0.2808
0.1118	-0.8717	0.0011	0.0006	0.2808
0.1120	-0.8744	0.0011	0.0006	0.2808
0.1122	-0.8771	0.0011	0.0006	0.2807
0.1123	-0.8798	0.0011	0.0006	0.2807
0.1125	-0.8825	0.0011	0.0006	0.2807
0.1127	-0.8852	0.0011	0.0006	0.2807
0.1128	-0.8878	0.0011	0.0006	0.2806
0.1130	-0.8905	0.0011	0.0006	0.2806
0.1132	-0.8933	0.0011	0.0006	0.2806
0.1133	-0.8960	0.0011	0.0006	0.2805
0.1135	-0.8987	0.0012	0.0006	0.2805
0.1137	-0.9014	0.0012	0.0006	0.2805
0.1138	-0.9041	0.0012	0.0006	0.2804
0.1140	-0.9068	0.0012	0.0006	0.2804
0.1142	-0.9095	0.0012	0.0007	0.2804
0.1143	-0.9122	0.0012	0.0007	0.2803
0.1145	-0.9150	0.0012	0.0007	0.2803
0.1147	-0.9177	0.0012	0.0007	0.2803
0.1148	-0.9204	0.0012	0.0007	0.2803
0.1150	-0.9231	0.0012	0.0007	0.2802
0.1152	-0.9259	0.0012	0.0007	0.2802
0.1153	-0.9286	0.0012	0.0007	0.2802
0.1155	-0.9313	0.0012	0.0007	0.2801
0.1157	-0.9340	0.0012	0.0007	0.2801
0.1158	-0.9368	0.0012	0.0007	0.2801
0.1160	-0.9395	0.0012	0.0007	0.2801
0.1162	-0.9423	0.0012	0.0007	0.2800
0.1163	-0.9450	0.0012	0.0007	0.2800
0.1165	-0.9478	0.0012	0.0007	0.2800
0.1167	-0.9505	0.0012	0.0007	0.2799
0.1168	-0.9533	0.0012	0.0007	0.2799
0.1170	-0.9560	0.0012	0.0007	0.2799
0.1172	-0.9588	0.0012	0.0007	0.2798
0.1173	-0.9615	0.0012	0.0007	0.2798
0.1175	-0.9643	0.0012	0.0007	0.2798
0.1177	-0.9670	0.0012	0.0007	0.2798
0.1178	-0.9698	0.0012	0.0007	0.2797
0.1180	-0.9726	0.0012	0.0007	0.2797
0.1182	-0.9753	0.0012	0.0007	0.2797
0.1183	-0.9781	0.0013	0.0007	0.2796
0.1185	-0.9809	0.0013	0.0007	0.2796
0.1187	-0.9836	0.0013	0.0007	0.2796
0.1188	-0.9864	0.0013	0.0007	0.2796
0.1190	-0.9892	0.0013	0.0007	0.2795
0.1192	-0.9920	0.0013	0.0007	0.2795
0.1193	-0.9947	0.0013	0.0007	0.2795
0.1195	-0.9975	0.0013	0.0007	0.2794
0.1197	-1.0003	0.0013	0.0007	0.2794
0.1198	-1.0031	0.0013	0.0007	0.2794
0.1200	-1.0059	0.0013	0.0007	0.2793
0.1202	-1.0087	0.0013	0.0007	0.2793
0.1203	-1.0115	0.0013	0.0007	0.2793
0.1205	-1.0143	0.0013	0.0007	0.2793
0.1207	-1.0170	0.0013	0.0007	0.2792
0.1208	-1.0198	0.0013	0.0007	0.2792
0.1210	-1.0226	0.0013	0.0007	0.2792
0.1212	-1.0254	0.0013	0.0007	0.2792
0.1213	-1.0282	0.0013	0.0007	0.2791
0.1215	-1.0311	0.0013	0.0007	0.2791
0.1217	-1.0339	0.0013	0.0007	0.2791
0.1218	-1.0367	0.0013	0.0007	0.2790
0.1220	-1.0395	0.0013	0.0007	0.2790
0.1222	-1.0423	0.0013	0.0007	0.2790
0.1223	-1.0451	0.0013	0.0007	0.2790
0.1225	-1.0479	0.0013	0.0007	0.2789
0.1227	-1.0507	0.0013	0.0007	0.2789
0.1228	-1.0536	0.0013	0.0007	0.2789
0.1230	-1.0564	0.0014	0.0007	0.2788
0.1232	-1.0592	0.0014	0.0007	0.2788
0.1233	-1.0620	0.0014	0.0007	0.2788
0.1235	-1.0649	0.0014	0.0007	0.2788
0.1237	-1.0677	0.0014	0.0007	0.2787
0.1238	-1.0705	0.0014	0.0007	0.2787
0.1240	-1.0733	0.0014	0.0007	0.2787
0.1242	-1.0762	0.0014	0.0007	0.2786
0.1243	-1.0790	0.0014	0.0007	0.2786
0.1245	-1.0819	0.0014	0.0007	0.2786
0.1247	-1.0847	0.0014	0.0007	0.2786
0.1248	-1.0875	0.0014	0.0007	0.2785
0.1250	-1.0904	0.0014	0.0007	0.2785
0.1252	-1.0932	0.0014	0.0007	0.2785
0.1253	-1.0961	0.0014	0.0007	0.2785
0.1255	-1.0989	0.0014	0.0007	0.2784
0.1257	-1.1018	0.0014	0.0007	0.2784
0.1258	-1.1046	0.0014	0.0007	0.2784
0.1260	-1.1075	0.0014	0.0007	0.2783
0.1262	-1.1103	0.0014	0.0007	0.2783
0.1263	-1.1132	0.0014	0.0007	0.2783
0.1265	-1.1160	0.0014	0.0007	0.2783
0.1267	-1.1189	0.0014	0.0007	0.2782
0.1268	-1.1218	0.0014	0.0007	0.2782
0.1270	-1.1246	0.0014	0.0007	0.2782
0.1272	-1.1275	0.0014	0.0007	0.2782
0.1273	-1.1304	0.0014	0.0007	0.2781
0.1275	-1.1332	0.0014	0.0007	0.2781
0.1277	-1.1361	0.0014	0.0007	0.2781
0.1278	-1.1390	0.0015	0.0007	0.2780
0.1280	-1.1419	0.0015	0.0007	0.2780
0.1282	-1.1447	0.0015	0.0007	0.2780
0.1283	-1.1476	0.0015	0.0007	0.2780
0.1285	-1.1505	0.0015	0.0007	0.2779
0.1287	-1.1534	0.0015	0.0007	0.2779
0.1288	-1.1562	0.0015	0.0007	0.2779
0.1290	-1.1591	0.0015	0.0007	0.2779
0.1292	-1.1620	0.0015	0.0007	0.2778
0.1293	-1.1649	0.0015	0.0007	0.2778
0.1295	-1.1678	0.0015	0.0007	0.2778
0.1297	-1.1707	0.0015	0.0007	0.2778
0.1298	-1.1736	0.0015	0.0007	0.2777
0.1300	-1.1765	0.0015	0.0007	0.2777
0.1302	-1.1794	0.0015	0.0007	0.2777
0.1303	-1.1823	0.0015	0.0007	0.2776
0.1305	-1.1852	0.0015	0.0007	0.2776
0.1307	-1.1881	0.0015	0.0007	0.2776
0.1308	-1.1910	0.0015	0.0007	0.2776
0.1310	-1.1939	0.0015	0.0007	0.2775
0.1312	-1.1968	0.0015	0.0007	0.2775
0.1313	-1.1997	0.0015	0.0007	0.2775
0.1315	-1.2026	0.0015	0.0007	0.2775
0.1317	-1.2055	0.0015	0.0007	0.2774
0.1318	-1.2084	0.0015	0.0007	0.2774
0.1320	-1.2113	0.0015	0.0007	0.2774
0.1322	-1.2142	0.0015	0.0007	0.2774
0.1323	-1.2171	0.0015	0.0007	0.2773
0.1325	-1.2200	0.0016	0.0007	0.2773
0.1327	-1.2230	0.0016	0.0007	0.2773
0.1328	-1.2259	0.0016	0.0007	0.2773
0.1330	-1.2288	0.0016	0.0007	0.2772
0.1332	-1.2317	0.0016	0.0007	0.2772
0.1333	-1.2347	0.0016	0.0008	0.2772
0.1335	-1.2376	0.0016	0.0008	0.2772
0.1337	-1.2405	0.0016	0.0008	0.2771
0.1338	-1.2434	0.0016	0.0008	0.2771
0.1340	-1.2464	0.0016	0.0008	0.2771
0.1342	-1.2493	0.0016	0.0008	0.2771
0.1343	-1.2522	0.0016	0.0008	0.2770
0.1345	-1.2552	0.0016	0.0008	0.2770
0.1347	-1.2581	0.0016	0.0008	0.2770
0.1348	-1.2610	0.0016	0.0008	0.2769
0.1350	-1.2640	0.0016	0.0008	0.2769
0.1352	-1.2669	0.0016	0.0008	0.2769
0.1353	-1.2699	0.0016	0.0008	0.2769
0.1355	-1.2728	0.0016	0.0008	0.2768
0.1357	-1.2757	0.0016	0.0008	0.2768
0.1358	-1.2787	0.0016	0.0008	0.2768
0.1360	-1.2816	0.0016	0.0008	0.2768
0.1362	-1.2846	0.0016	0.0008	0.2767
0.1363	-1.2875	0.0016	0.0008	0.2767
0.1365	-1.2905	0.0016	0.0008	0.2767
0.1367	-1.2934	0.0016	0.0008	0.2767
0.1368	-1.2964	0.0016	0.0008	0.2766
0.1370	-1.2993	0.0017	0.0008	0.2766
0.1372	-1.3023	0.0017	0.0008	0.2766
0.1373	-1.3053	0.0017	0.0008	0.2766
0.1375	-1.3082	0.0017	0.0008	0.2765
0.1377	-1.3112	0.0017	0.0008	0.2765
0.1378	-1.3141	0.0017	0.0008	0.2765
0.1380	-1.3171	0.0017	0.0008	0.2765
0.1382	-1.3201	0.0017	0.0008	0.2764
0.1383	-1.3230	0.0017	0.0008	0.2764
0.1385	-1.3260	0.0017	0.0008	0.2764
0.1387	-1.3290	0.0017	0.0008	0.2764
0.1388	-1.3319	0.0017	0.0008	0.2764
0.1390	-1.3349	0.0017	0.0008	0.2763
0.1392	-1.3379	0.0017	0.0008	0.2763
0.1393	-1.3409	0.0017	0.0008	0.2763
0.1395	-1.3438	0.0017	0.0008	0.2763
0.1397	-1.3468	0.0017	0.0008	0.2762
0.1398	-1.3498	0.0017	0.0008	0.2762
0.1400	-1.3528	0.0017	0.0008	0.2762
0.1402	-1.3557	0.0017	0.0008	0.2762
0.1403	-1.3587	0.0017	0.0008	0.2761
0.1405	-1.3617	0.0017	0.0008	0.2761
0.1407	-1.3647	0.0017	0.0008	0.2761
0.1408	-1.3677	0.0017	0.0008	0.2761
0.1410	-1.3707	0.0017	0.0008	0.2760
0.1412	-1.3737	0.0017	0.0008	0.2760
0.1413	-1.3766	0.0017	0.0008	0.2760
0.1415	-1.3796	0.0018	0.0008	0.2760
0.1417	-1.3826	0.0018	0.0008	0.2759
0.1418	-1.3856	0.0018	0.0008	0.2759
0.1420	-1.3886	0.0018	0.0008	0.2759
0.1422	-1.3916	0.0018	0.0008	0.2759
0.1423	-1.3946	0.0018	0.0008	0.2758
0.1425	-1.3976	0.0018	0.0008	0.2758
0.1427	-1.4006	0.0018	0.0008	0.2758
0.1428	-1.4036	0.0018	0.0008	0.2758
0.1430	-1.4066	0.0018	0.0008	0.2758
0.1432	-1.4096	0.0018	0.0008	0.2757
0.1433	-1.4126	0.0018	0.0008	0.2757
0.1435	-1.4156	0.0018	0.0008	0.2757
0.1437	-1.4186	0.0018	0.0008	0.2757
0.1438	-1.4216	0.0018	0.0008	0.2756
0.1440	-1.4246	0.0018	0.0008	0.2756
0.1442	-1.4276	0.0018	0.0008	0.2756
0.1443	-1.4307	0.0018	0.0008	0.2756
0.1445	-1.4337	0.0018	0.0008	0.2755
0.1447	-1.4367	0.0018	0.0008	0.2755
0.1448	-1.4397	0.0018	0.0008	0.2755
0.1450	-1.4427	0.0018	0.0008	0.2755
0.1452	-1.4457	0.0018	0.0008	0.2754
0.1453	-1.4487	0.0018	0.0008	0.2754
0.1455	-1.4518	0.0018	0.0008	0.2754
0.1457	-1.4548	0.0018	0.0008	0.2754
0.1458	-1.4578	0.0018	0.0008	0.2754
0.1460	-1.4608	0.0019	0.0008	0.2753
0.1462	-1.4639	0.0019	0.0008	0.2753
0.1463	-1.4669	0.0019	0.0008	0.2753
0.1465	-1.4699	0.0019	0.0008	0.2753
0.1467	-1.4729	0.0019	0.0008	0.2752
0.1468	-1.4760	0.0019	0.0008	0.2752
0.1470	-1.4790	0.0019	0.0008	0.2752
0.1472	-1.4820	0.0019	0.0008	0.2752
0.1473	-1.4851	0.0019	0.0008	0.2751
0.1475	-1.4881	0.0019	0.0008	0.2751
0.1477	-1.4911	0.0019	0.0008	0.2751
0.1478	-1.4942	0.0019	0.0008	0.2751
0.1480	-1.4972	0.0019	0.0008	0.2751
0.1482	-1.5002	0.0019	0.0008	0.2750
0.1483	-1.5033	0.0019	0.0008	0.2750
0.1485	-1.5063	0.0019	0.0008	0.2750
0.1487	-1.5093	0.0019	0.0008	0.2750
0.1488	-1.5124	0.0019	0.0008	0.2749
0.1490	-1.5154	0.0019	0.0008	0.2749
0.1492	-1.5185	0.0019	0.0008	0.2749
0.1493	-1.5215	0.0019	0.0008	0.2749
0.1495	-1.5246	0.0019	0.0008	0.2749
0.1497	-1.5276	0.0019	0.0008	0.2748
0.1498	-1.5307	0.0019	0.0008	0.2748
0.1500	-1.5337	0.0019	0.0008	0.2748
0.1502	-1.5368	0.0019	0.0008	0.2748
0.1503	-1.5398	0.0019	0.0008	0.2747
0.1505	-1.5429	0.0020	0.0008	0.2747
0.1507	-1.5459	0.0020	0.0008	0.2747
0.1508	-1.5490	0.0020	0.0008	0.2747
0.1510	-1.5520	0.0020	0.0008	0.2747
0.1512	-1.5551	0.0020	0.0008	0.2746
0.1513	-1.5581	0.0020	0.0008	0.2746
0.1515	-1.5612	0.0020	0.0008	0.2746
0.1517	-1.5642	0.0020	0.0008	0.2746
0.1518	-1.5673	0.0020	0.0008	0.2745
0.1520	-1.5704	0.0020	0.0008	0.2745
0.1522	-1.5734	0.0020	0.0008	0.2745
0.1523	-1.5765	0.0020	0.0008	0.2745
0.1525	-1.5796	0.0020	0.0008	0.2745
0.1527	-1.5826	0.0020	0.0008	0.2744
0.1528	-1.5857	0.0020	0.0008	0.2744
0.1530	-1.5887	0.0020	0.0008	0.2744
0.1532	-1.5918	0.0020	0.0008	0.2744
0.1533	-1.5949	0.0020	0.0008	0.2743
0.1535	-1.5980	0.0020	0.0008	0.2743
0.1537	-1.6010	0.0020	0.0008	0.2743
0.1538	-1.6041	0.0020	0.0008	0.2743
0.1540	-1.6072	0.0020	0.0008	0.2743
0.1542	-1.6102	0.0020	0.0008	0.2742
0.1543	-1.6133	0.0020	0.0008	0.2742
0.1545	-1.6164	0.0020	0.0008	0.2742
0.1547	-1.6195	0.0020	0.0008	0.2742
0.1548	-1.6225	0.0020	0.0008	0.2742
0.1550	-1.6256	0.0021	0.0008	0.2741
0.1552	-1.6287	0.0021	0.0008	0.2741
0.1553	-1.6318	0.0021	0.0008	0.2741
0.1555	-1.6349	0.0021	0.0008	0.2741
0.1557	-1.6379	0.0021	0.0008	0.2740
0.1558	-1.6410	0.0021	0.0008	0.2740
0.1560	-1.6441	0.0021	0.0008	0.2740
0.1562	-1.6472	0.0021	0.0008	0.2740
0.1563	-1.6503	0.0021	0.0008	0.2740
0.1565	-1.6534	0.0021	0.0008	0.2739
0.1567	-1.6564	0.0021	0.0008	0.2739
0.1568	-1.6595	0.0021	0.0008	0.2739
0.1570	-1.6626	0.0021	0.0009	0.2739
0.1572	-1.6657	0.0021	0.0009	0.2739
0.1573	-1.6688	0.0021	0.0009	0.2738
0.1575	-1.6719	0.0021	0.0009	0.2738
0.1577	-1.6750	0.0021	0.0009	0.2738
0.1578	-1.6781	0.0021	0.0009	0.2738
0.1580	-1.6812	0.0021	0.0009	0.2738
0.1582	-1.6843	0.0021	0.0009	0.2737
0.1583	-1.6874	0.0021	0.0009	0.2737
0.1585	-1.6905	0.0021	0.0009	0.2737
0.1587	-1.6936	0.0021	0.0009	0.2737
0.1588	-1.6967	0.0021	0.0009	0.2736
0.1590	-1.6998	0.0021	0.0009	0.2736
0.1592	-1.7029	0.0021	0.0009	0.2736
0.1593	-1.7060	0.0022	0.0009	0.2736
0.1595	-1.7091	0.0022	0.0009	0.2736
0.1597	-1.7122	0.0022	0.0009	0.2735
0.1598	-1.7153	0.0022	0.0009	0.2735
0.1600	-1.7184	0.0022	0.0009	0.2735
0.1602	-1.7215	0.0022	0.0009	0.2735
0.1603	-1.7246	0.0022	0.0009	0.2735
0.1605	-1.7277	0.0022	0.0009	0.2734
0.1607	-1.7308	0.0022	0.0009	0.2734
0.1608	-1.7339	0.0022	0.0009	0.2734
0.1610	-1.7370	0.0022	0.0009	0.2734
0.1612	-1.7401	0.0022	0.0009	0.2734
0.1613	-1.7432	0.0022	0.0009	0.2733
0.1615	-1.7463	0.0022	0.0009	0.2733
0.1617	-1.7494	0.0022	0.0009	0.2733
0.1618	-1.7526	0.0022	0.0009	0.2733
0.1620	-1.7557	0.0022	0.0009	0.2733
0.1622	-1.7588	0.0022	0.0009	0.2732
0.1623	-1.7619	0.0022	0.0009	0.2732
0.1625	-1.7650	0.0022	0.0009	0.2732
0.1627	-1.7681	0.0022	0.0009	0.2732
0.1628	-1.7713	0.0022	0.0009	0.2732
0.1630	-1.7744	0.0022	0.0009	0.2731
0.1632	-1.7775	0.0022	0.0009	0.2731
0.1633	-1.7806	0.0022	0.0009	0.2731
0.1635	-1.7837	0.0022	0.0009	0.2731
0.1637	-1.7869	0.0022	0.0009	0.2731
0.1638	-1.7900	0.0023	0.0009	0.2730
0.1640	-1.7931	0.0023	0.0009	0.2730
0.1642	-1.7962	0.0023	0.0009	0.2730
0.1643	-1.7993	0.0023	0.0009	0.2730
0.1645	-1.8025	0.0023	0.0009	0.2730
0.1647	-1.8056	0.0023	0.0009	0.2729
0.1648	-1.8087	0.0023	0.0009	0.2729
0.1650	-1.8118	0.0023	0.0009	0.2729
0.1652	-1.8150	0.0023	0.0009	0.2729
0.1653	-1.8181	0.0023	0.0009	0.2729
0.1655	-1.8212	0.0023	0.0009	0.2728
0.1657	-1.8244	0.0023	0.0009	0.2728
0.1658	-1.8275	0.0023	0.0009	0.2728
0.1660	-1.8306	0.0023	0.0009	0.2728
0.1662	-1.8338	0.0023	0.0009	0.2728
0.1663	-1.8369	0.0023	0.0009	0.2727
0.1665	-1.8400	0.0023	0.0009	0.2727
0.1667	-1.8432	0.0023	0.0009	0.2727
0.1668	-1.8463	0.0023	0.0009	0.2727
0.1670	-1.8494	0.0023	0.0009	0.2727
0.1672	-1.8526	0.0023	0.0009	0.2726
0.1673	-1.8557	0.0023	0.0009	0.2726
0.1675	-1.8588	0.0023	0.0009	0.2726
0.1677	-1.8620	0.0023	0.0009	0.2726
0.1678	-1.8651	0.0023	0.0009	0.2726
0.1680	-1.8683	0.0023	0.0009	0.2726
0.1682	-1.8714	0.0024	0.0009	0.2725
0.1683	-1.8745	0.0024	0.0009	0.2725
0.1685	-1.8777	0.0024	0.0009	0.2725
0.1687	-1.8808	0.0024	0.0009	0.2725
0.1688	-1.8840	0.0024	0.0009	0.2725
0.1690	-1.8871	0.0024	0.0009	0.2724
0.1692	-1.8903	0.0024	0.0009	0.2724
0.1693	-1.8934	0.0024	0.0009	0.2724
0.1695	-1.8965	0.0024	0.0009	0.2724
0.1697	-1.8997	0.0024	0.0009	0.2724
0.1698	-1.9028	0.0024	0.0009	0.2723
0.1700	-1.9060	0.0024	0.0009	0.2723
0.1702	-1.9091	0.0024	0.0009	0.2723
0.1703	-1.9123	0.0024	0.0009	0.2723
0.1705	-1.9154	0.0024	0.0009	0.2723
0.1707	-1.9186	0.0024	0.0009	0.2723
0.1708	-1.9217	0.0024	0.0009	0.2722
0.1710	-1.9249	0.0024	0.0009	0.2722
0.1712	-1.9280	0.0024	0.0009	0.2722
0.1713	-1.9312	0.0024	0.0009	0.2722
0.1715	-1.9343	0.0024	0.0009	0.2722
0.1717	-1.9375	0.0024	0.0009	0.2721
0.1718	-1.9406	0.0024	0.0009	0.2721
0.1720	-1.9438	0.0024	0.0009	0.2721
0.1722	-1.9470	0.0024	0.0009	0.2721
0.1723	-1.9501	0.0024	0.0009	0.2721
0.1725	-1.9533	0.0025	0.0009	0.2720
0.1727	-1.9564	0.0025	0.0009	0.2720
0.1728	-1.9596	0.0025	0.0009	0.2720
0.1730	-1.9627	0.0025	0.0009	0.2720
0.1732	-1.9659	0.0025	0.0009	0.2720
0.1733	-1.9691	0.0025	0.0009	0.2720
0.1735	-1.9722	0.0025	0.0009	0.2719
0.1737	-1.9754	0.0025	0.0009	0.2719
0.1738	-1.9785	0.0025	0.0009	0.2719
0.1740	-1.9817	0.0025	0.0009	0.2719
0.1742	-1.9849	0.0025	0.0009	0.2719
0.1743	-1.9880	0.0025	0.0009	0.2718
0.1745	-1.9912	0.0025	0.0009	0.2718
0.1747	-1.9944	0.0025	0.0009	0.2718
0.1748	-1.9975	0.0025	0.0009	0.2718
0.1750	-2.0007	0.0025	0.0009	0.2718
0.1752	-2.0039	0.0025	0.0009	0.2718
0.1753	-2.0070	0.0025	0.0009	0.2717
0.1755	-2.0102	0.0025	0.0009	0.2717
0.1757	-2.0134	0.0025	0.0009	0.2717
0.1758	-2.0165	0.0025	0.0009	0.2717
0.1760	-2.0197	0.0025	0.0009	0.2717
0.1762	-2.0229	0.0025	0.0009	0.2716
0.1763	-2.0260	0.0025	0.0009	0.2716
0.1765	-2.0292	0.0025	0.0009	0.2716
0.1767	-2.0324	0.0025	0.0009	0.2716
0.1768	-2.0356	0.0026	0.0009	0.2716
0.1770	-2.0387	0.0026	0.0009	0.2716
0.1772	-2.0419	0.0026	0.0009	0.2715
0.1773	-2.0451	0.0026	0.0009	0.2715
0.1775	-2.0482	0.0026	0.0009	0.2715
0.1777	-2.0514	0.0026	0.0009	0.2715
0.1778	-2.0546	0.0026	0.0009	0.2715
0.1780	-2.0578	0.0026	0.0009	0.2715
0.1782	-2.0609	0.0026	0.0009	0.2714
0.1783	-2.0641	0.0026	0.0009	0.2714
0.1785	-2.0673	0.0026	0.0009	0.2714
0.1787	-2.0705	0.0026	0.0009	0.2714
0.1788	-2.0737	0.0026	0.0009	0.2714
0.1790	-2.0768	0.0026	0.0009	0.2713
0.1792	-2.0800	0.0026	0.0009	0.2713
0.1793	-2.0832	0.0026	0.0009	0.2713
0.1795	-2.0864	0.0026	0.0009	0.2713
0.1797	-2.0896	0.0026	0.0009	0.2713
0.1798	-2.0927	0.0026	0.0009	0.2713
0.1800	-2.0959	0.0026	0.0009	0.2712
0.1802	-2.0991	0.0026	0.0009	0.2712
0.1803	-2.1023	0.0026	0.0009	0.2712
0.1805	-2.1055	0.0026	0.0009	0.2712
0.1807	-2.1086	0.0026	0.0009	0.2712
0.1808	-2.1118	0.0026	0.0009	0.2712
0.1810	-2.1150	0.0026	0.0009	0.2711
0.1812	-2.1182	0.0027	0.0009	0.2711
0.1813	-2.1214	0.0027	0.0009	0.2711
0.1815	-2.1246	0.0027	0.0009	0.2711
0.1817	-2.1278	0.0027	0.0009	0.2711
0.1818	-2.1309	0.0027	0.0009	0.2711
0.1820	-2.1341	0.0027	0.0009	0.2710
0.1822	-2.1373	0.0027	0.0009	0.2710
0.1823	-2.1405	0.0027	0.0009	0.2710
0.1825	-2.1437	0.0027	0.0009	0.2710
0.1827	-2.1469	0.0027	0.0009	0.2710
0.1828	-2.1501	0.0027	0.0009	0.2710
0.1830	-2.1533	0.0027	0.0009	0.2709
0.1832	-2.1564	0.0027	0.0009	0.2709
0.1833	-2.1596	0.0027	0.0009	0.2709
0.1835	-2.1628	0.0027	0.0009	0.2709
0.1837	-2.1660	0.0027	0.0009	0.2709
0.1838	-2.1692	0.0027	0.0009	0.2709
0.1840	-2.1724	0.0027	0.0009	0.2708
0.1842	-2.1756	0.0027	0.0009	0.2708
0.1843	-2.1788	0.0027	0.0009	0.2708
0.1845	-2.1820	0.0027	0.0009	0.2708
0.1847	-2.1852	0.0027	0.0009	0.2708
0.1848	-2.1884	0.0027	0.0009	0.2708
0.1850	-2.1916	0.0027	0.0009	0.2707
0.1852	-2.1948	0.0027	0.0009	0.2707
0.1853	-2.1980	0.0027	0.0009	0.2707
0.1855	-2.2012	0.0028	0.0009	0.2707
0.1857	-2.2044	0.0028	0.0009	0.2707
0.1858	-2.2076	0.0028	0.0009	0.2707
0.1860	-2.2108	0.0028	0.0009	0.2706
0.1862	-2.2139	0.0028	0.0009	0.2706
0.1863	-2.2171	0.0028	0.0009	0.2706
0.1865	-2.2203	0.0028	0.0009	0.2706
0.1867	-2.2235	0.0028	0.0009	0.2706
0.1868	-2.2267	0.0028	0.0009	0.2706
0.1870	-2.2299	0.0028	0.0009	0.2705
0.1872	-2.2331	0.0028	0.0009	0.2705
0.1873	-2.2363	0.0028	0.0009	0.2705
0.1875	-2.2395	0.0028	0.0009	0.2705
0.1877	-2.2427	0.0028	0.0009	0.2705
0.1878	-2.2460	0.0028	0.0010	0.2705
0.1880	-2.2492	0.0028	0.0010	0.2704
0.1882	-2.2524	0.0028	0.0010	0.2704
0.1883	-2.2556	0.0028	0.0010	0.2704
0.1885	-2.2588	0.0028	0.0010	0.2704
0.1887	-2.2620	0.0028	0.0010	0.2704
0.1888	-2.2652	0.0028	0.0010	0.2704
0.1890	-2.2684	0.0028	0.0010	0.2703
0.1892	-2.2716	0.0028	0.0010	0.2703
0.1893	-2.2748	0.0028	0.0010	0.2703
0.1895	-2.2780	0.0028	0.0010	0.2703
0.1897	-2.2812	0.0028	0.0010	0.2703
0.1898	-2.2844	0.0029	0.0010	0.2703
0.1900	-2.2876	0.0029	0.0010	0.2702
0.1902	-2.2908	0.0029	0.0010	0.2702
0.1903	-2.2940	0.0029	0.0010	0.2702
0.1905	-2.2972	0.0029	0.0010	0.2702
0.1907	-2.3004	0.0029	0.0010	0.2702
0.1908	-2.3036	0.0029	0.0010	0.2702
0.1910	-2.3069	0.0029	0.0010	0.2702
0.1912	-2.3101	0.0029	0.0010	0.2701
0.1913	-2.3133	0.0029	0.0010	0.2701
0.1915	-2.3165	0.0029	0.0010	0.2701
0.1917	-2.3197	0.0029	0.0010	0.2701
0.1918	-2.3229	0.0029	0.0010	0.2701
0.1920	-2.3261	0.0029	0.0010	0.2701
0.1922	-2.3293	0.0029	0.0010	0.2700
0.1923	-2.3325	0.0029	0.0010	0.2700
0.1925	-2.3358	0.0029	0.0010	0.2700
0.1927	-2.3390	0.0029	0.0010	0.2700
0.1928	-2.3422	0.0029	0.0010	0.2700
0.1930	-2.3454	0.0029	0.0010	0.2700
0.1932	-2.3486	0.0029	0.0010	0.2699
0.1933	-2.3518	0.0029	0.0010	0.2699
0.1935	-2.3550	0.0029	0.0010	0.2699
0.1937	-2.3582	0.0029	0.0010	0.2699
0.1938	-2.3615	0.0029	0.0010	0.2699
0.1940	-2.3647	0.0029	0.0010	0.2699
0.1942	-2.3679	0.0030	0.0010	0.2699
0.1943	-2.3711	0.0030	0.0010	0.2698
0.1945	-2.3743	0.0030	0.0010	0.2698
0.1947	-2.3775	0.0030	0.0010	0.2698
0.1948	-2.3808	0.0030	0.0010	0.2698
0.1950	-2.3840	0.0030	0.0010	0.2698
0.1952	-2.3872	0.0030	0.0010	0.2698
0.1953	-2.3904	0.0030	0.0010	0.2697
0.1955	-2.3936	0.0030	0.0010	0.2697
0.1957	-2.3968	0.0030	0.0010	0.2697
0.1958	-2.4001	0.0030	0.0010	0.2697
0.1960	-2.4033	0.0030	0.0010	0.2697
0.1962	-2.4065	0.0030	0.0010	0.2697
0.1963	-2.4097	0.0030	0.0010	0.2697
0.1965	-2.4129	0.0030	0.0010	0.2696
0.1967	-2.4162	0.0030	0.0010	0.2696
0.1968	-2.4194	0.0030	0.0010	0.2696
0.1970	-2.4226	0.0030	0.0010	0.2696
0.1972	-2.4258	0.0030	0.0010	0.2696
0.1973	-2.4290	0.0030	0.0010	0.2696
0.1975	-2.4323	0.0030	0.0010	0.2696
0.1977	-2.4355	0.0030	0.0010	0.2695
0.1978	-2.4387	0.0030	0.0010	0.2695
0.1980	-2.4419	0.0030	0.0010	0.2695
0.1982	-2.4451	0.0030	0.0010	0.2695
0.1983	-2.4484	0.0030	0.0010	0.2695
0.1985	-2.4516	0.0031	0.0010	0.2695
0.1987	-2.4548	0.0031	0.0010	0.2694
0.1988	-2.4580	0.0031	0.0010	0.2694
0.1990	-2.4613	0.0031	0.0010	0.2694
0.1992	-2.4645	0.0031	0.0010	0.2694
0.1993	-2.4677	0.0031	0.0010	0.2694
0.1995	-2.4709	0.0031	0.0010	0.2694
0.1997	-2.4742	0.0031	0.0010	0.2694
0.1998	-2.4774	0.0031	0.0010	0.2693
0.2000	-2.4806	0.0031	0.0010	0.2693
0.2002	-2.4838	0.0031	0.0010	0.2693
0.2003	-2.4871	0.0031	0.0010	0.2693
0.2005	-2.4903	0.0031	0.0010	0.2693
0.2007	-2.4935	0.0031	0.0010	0.2693
0.2008	-2.4967	0.0031	0.0010	0.2693
0.2010	-2.5000	0.0031	0.0010	0.2692
0.2012	-2.5032	0.0031	0.0010	0.2692
0.2013	-2.5064	0.0031	0.0010	0.2692
0.2015	-2.5096	0.0031	0.0010	0.2692
0.2017	-2.5129	0.0031	0.0010	0.2692
0.2018	-2.5161	0.0031	0.0010	0.2692
0.2020	-2.5193	0.0031	0.0010	0.2692
0.2022	-2.5226	0.0031	0.0010	0.2691
0.2023	-2.5258	0.0031	0.0010	0.2691
0.2025	-2.5290	0.0031	0.0010	0.2691
0.2027	-2.5322	0.0031	0.0010	0.2691
0.2028	-2.5355	0.0032	0.0010	0.2691
0.2030	-2.5387	0.0032	0.0010	0.2691
0.2032	-2.5419	0.0032	0.0010	0.2691
0.2033	-2.5452	0.0032	0.0010	0.2690
0.2035	-2.5484	0.0032	0.0010	0.2690
0.2037	-2.5516	0.0032	0.0010	0.2690
0.2038	-2.5549	0.0032	0.0010	0.2690
0.2040	-2.5581	0.0032	0.0010	0.2690
0.2042	-2.5613	0.0032	0.0010	0.2690
0.2043	-2.5645	0.0032	0.0010	0.2690
0.2045	-2.5678	0.0032	0.0010	0.2689
0.2047	-2.5710	0.0032	0.0010	0.2689
0.2048	-2.5742	0.0032	0.0010	0.2689
0.2050	-2.5775	0.0032	0.0010	0.2689
0.2052	-2.5807	0.0032	0.0010	0.2689
0.2053	-2.5839	0.0032	0.0010	0.2689
0.2055	-2.5872	0.0032	0.0010	0.2689
0.2057	-2.5904	0.0032	0.0010	0.2688
0.2058	-2.5936	0.0032	0.0010	0.2688
0.2060	-2.5969	0.0032	0.0010	0.2688
0.2062	-2.6001	0.0032	0.0010	0.2688
0.2063	-2.6033	0.0032	0.0010	0.2688
0.2065	-2.6066	0.0032	0.0010	0.2688
0.2067	-2.6098	0.0032	0.0010	0.2688
0.2068	-2.6130	0.0032	0.0010	0.2687
0.2070	-2.6163	0.0032	0.0010	0.2687
0.2072	-2.6195	0.0033	0.0010	0.2687
0.2073	-2.6227	0.0033	0.0010	0.2687
0.2075	-2.6260	0.0033	0.0010	0.2687
0.2077	-2.6292	0.0033	0.0010	0.2687
0.2078	-2.6324	0.0033	0.0010	0.2687
0.2080	-2.6357	0.0033	0.0010	0.2687
0.2082	-2.6389	0.0033	0.0010	0.2686
0.2083	-2.6422	0.0033	0.0010	0.2686
0.2085	-2.6454	0.0033	0.0010	0.2686
0.2087	-2.6486	0.0033	0.0010	0.2686
0.2088	-2.6519	0.0033	0.0010	0.2686
0.2090	-2.6551	0.0033	0.0010	0.2686
0.2092	-2.6583	0.0033	0.0010	0.2686
0.2093	-2.6616	0.0033	0.0010	0.2685
0.2095	-2.6648	0.0033	0.0010	0.2685
0.2097	-2.6681	0.0033	0.0010	0.2685
0.2098	-2.6713	0.0033	0.0010	0.2685
0.2100	-2.6745	0.0033	0.0010	0.2685
0.2102	-2.6778	0.0033	0.0010	0.2685
0.2103	-2.6810	0.0033	0.0010	0.2685
0.2105	-2.6842	0.0033	0.0010	0.2685
0.2107	-2.6875	0.0033	0.0010	0.2684
0.2108	-2.6907	0.0033	0.0010	0.2684
0.2110	-2.6940	0.0033	0.0010	0.2684
0.2112	-2.6972	0.0033	0.0010	0.2684
0.2113	-2.7004	0.0033	0.0010	0.2684
0.2115	-2.7037	0.0034	0.0010	0.2684
0.2117	-2.7069	0.0034	0.0010	0.2684
0.2118	-2.7101	0.0034	0.0010	0.2683
0.2120	-2.7134	0.0034	0.0010	0.2683
0.2122	-2.7166	0.0034	0.0010	0.2683
0.2123	-2.7199	0.0034	0.0010	0.2683
0.2125	-2.7231	0.0034	0.0010	0.2683
0.2127	-2.7263	0.0034	0.0010	0.2683
0.2128	-2.7296	0.0034	0.0010	0.2683
0.2130	-2.7328	0.0034	0.0010	0.2683
0.2132	-2.7361	0.0034	0.0010	0.2682
0.2133	-2.7393	0.0034	0.0010	0.2682
0.2135	-2.7425	0.0034	0.0010	0.2682
0.2137	-2.7458	0.0034	0.0010	0.2682
0.2138	-2.7490	0.0034	0.0010	0.2682
0.2140	-2.7523	0.0034	0.0010	0.2682
0.2142	-2.7555	0.0034	0.0010	0.2682
0.2143	-2.7588	0.0034	0.0010	0.2681
0.2145	-2.7620	0.0034	0.0010	0.2681
0.2147	-2.7652	0.0034	0.0010	0.2681
0.2148	-2.7685	0.0034	0.0010	0.2681
0.2150	-2.7717	0.0034	0.0010	0.2681
0.2152	-2.7750	0.0034	0.0010	0.2681
0.2153	-2.7782	0.0034	0.0010	0.2681
0.2155	-2.7814	0.0034	0.0010	0.2681
0.2157	-2.7847	0.0034	0.0010	0.2680
0.2158	-2.7879	0.0035	0.0010	0.2680
0.2160	-2.7912	0.0035	0.0010	0.2680
0.2162	-2.7944	0.0035	0.0010	0.2680
0.2163	-2.7977	0.0035	0.0010	0.2680
0.2165	-2.8009	0.0035	0.0010	0.2680
0.2167	-2.8041	0.0035	0.0010	0.2680
0.2168	-2.8074	0.0035	0.0010	0.2680
0.2170	-2.8106	0.0035	0.0010	0.2679
0.2172	-2.8139	0.0035	0.0010	0.2679
0.2173	-2.8171	0.0035	0.0010	0.2679
0.2175	-2.8204	0.0035	0.0010	0.2679
0.2177	-2.8236	0.0035	0.0010	0.2679
0.2178	-2.8268	0.0035	0.0010	0.2679
0.2180	-2.8301	0.0035	0.0010	0.2679
0.2182	-2.8333	0.0035	0.0010	0.2679
0.2183	-2.8366	0.0035	0.0010	0.2678
0.2185	-2.8398	0.0035	0.0010	0.2678
0.2187	-2.8431	0.0035	0.0010	0.2678
0.2188	-2.8463	0.0035	0.0010	0.2678
0.2190	-2.8496	0.0035	0.0010	0.2678
0.2192	-2.8528	0.0035	0.0010	0.2678
0.2193	-2.8560	0.0035	0.0010	0.2678
0.2195	-2.8593	0.0035	0.0010	0.2678
0.2197	-2.8625	0.0035	0.0010	0.2677
0.2198	-2.8658	0.0035	0.0010	0.2677
0.2200	-2.8690	0.0035	0.0010	0.2677
0.2202	-2.8723	0.0036	0.0010	0.2677
0.2203	-2.8755	0.0036	0.0010	0.2677
0.2205	-2.8788	0.0036	0.0010	0.2677
0.2207	-2.8820	0.0036	0.0010	0.2677
0.2208	-2.8853	0.0036	0.0010	0.2677
0.2210	-2.8885	0.0036	0.0010	0.2676
0.2212	-2.8917	0.0036	0.0010	0.2676
0.2213	-2.8950	0.0036	0.0010	0.2676
0.2215	-2.8982	0.0036	0.0010	0.2676
0.2217	-2.9015	0.0036	0.0010	0.2676
0.2218	-2.9047	0.0036	0.0010	0.2676
0.2220	-2.9080	0.0036	0.0010	0.2676
0.2222	-2.9112	0.0036	0.0010	0.2676
0.2223	-2.9145	0.0036	0.0010	0.2675
0.2225	-2.9177	0.0036	0.0010	0.2675
0.2227	-2.9210	0.0036	0.0010	0.2675
0.2228	-2.9242	0.0036	0.0010	0.2675
0.2230	-2.9274	0.0036	0.0010	0.2675
0.2232	-2.9307	0.0036	0.0010	0.2675
0.2233	-2.9339	0.0036	0.0010	0.2675
0.2235	-2.9372	0.0036	0.0010	0.2675
0.2237	-2.9404	0.0036	0.0010	0.2674
0.2238	-2.9437	0.0036	0.0010	0.2674
0.2240	-2.9469	0.0036	0.0010	0.2674
0.2242	-2.9502	0.0036	0.0010	0.2674
0.2243	-2.9534	0.0036	0.0010	0.2674
0.2245	-2.9567	0.0037	0.0010	0.2674
0.2247	-2.9599	0.0037	0.0010	0.2674
0.2248	-2.9632	0.0037	0.0010	0.2674
0.2250	-2.9664	0.0037	0.0010	0.2674
0.2252	-2.9697	0.0037	0.0010	0.2673
0.2253	-2.9729	0.0037	0.0010	0.2673
0.2255	-2.9761	0.0037	0.0010	0.2673
0.2257	-2.9794	0.0037	0.0010	0.2673
0.2258	-2.9826	0.0037	0.0010	0.2673
0.2260	-2.9859	0.0037	0.0010	0.2673
0.2262	-2.9891	0.0037	0.0010	0.2673
0.2263	-2.9924	0.0037	0.0010	0.2673
0.2265	-2.9956	0.0037	0.0010	0.2672
0.2267	-2.9989	0.0037	0.0010	0.2672
0.2268	-3.0021	0.0037	0.0010	0.2672
0.2270	-3.0054	0.0037	0.0010	0.2672
0.2272	-3.0086	0.0037	0.0010	0.2672
0.2273	-3.0119	0.0037	0.0010	0.2672
0.2275	-3.0151	0.0037	0.0010	0.2672
0.2277	-3.0184	0.0037	0.0010	0.2672
0.2278	-3.0216	0.0037	0.0010	0.2672
0.2280	-3.0249	0.0037	0.0010	0.2671
0.2282	-3.0281	0.0037	0.0010	0.2671
0.2283	-3.0314	0.0037	0.0010	0.2671
0.2285	-3.0346	0.0037	0.0010	0.2671
0.2287	-3.0378	0.0037	0.0010	0.2671
0.2288	-3.0411	0.0038	0.0010	0.2671
0.2290	-3.0443	0.0038	0.0010	0.2671
0.2292	-3.0476	0.0038	0.0010	0.2671
0.2293	-3.0508	0.0038	0.0010	0.2671
0.2295	-3.0541	0.0038	0.0010	0.2670
0.2297	-3.0573	0.0038	0.0010	0.2670
0.2298	-3.0606	0.0038	0.0010	0.2670
0.2300	-3.0638	0.0038	0.0010	0.2670
0.2302	-3.0671	0.0038	0.0010	0.2670
0.2303	-3.0703	0.0038	0.0010	0.2670
0.2305	-3.0736	0.0038	0.0010	0.2670
0.2307	-3.0768	0.0038	0.0010	0.2670
0.2308	-3.0801	0.0038	0.0010	0.2670
0.2310	-3.0833	0.0038	0.0010	0.2669
0.2312	-3.0866	0.0038	0.0010	0.2669
0.2313	-3.0898	0.0038	0.0010	0.2669
0.2315	-3.0931	0.0038	0.0010	0.2669
0.2317	-3.0963	0.0038	0.0010	0.2669
0.2318	-3.0996	0.0038	0.0010	0.2669
0.2320	-3.1028	0.0038	0.0010	0.2669
0.2322	-3.1061	0.0038	0.0010	0.2669
0.2323	-3.1093	0.0038	0.0010	0.2668
0.2325	-3.1126	0.0038	0.0011	0.2668
0.2327	-3.1158	0.0038	0.0011	0.2668
0.2328	-3.1190	0.0038	0.0011	0.2668
0.2330	-3.1223	0.0038	0.0011	0.2668
0.2332	-3.1255	0.0039	0.0011	0.2668
0.2333	-3.1288	0.0039	0.0011	0.2668
0.2335	-3.1320	0.0039	0.0011	0.2668
0.2337	-3.1353	0.0039	0.0011	0.2668
0.2338	-3.1385	0.0039	0.0011	0.2668
0.2340	-3.1418	0.0039	0.0011	0.2667
0.2342	-3.1450	0.0039	0.0011	0.2667
0.2343	-3.1483	0.0039	0.0011	0.2667
0.2345	-3.1515	0.0039	0.0011	0.2667
0.2347	-3.1548	0.0039	0.0011	0.2667
0.2348	-3.1580	0.0039	0.0011	0.2667
0.2350	-3.1613	0.0039	0.0011	0.2667
0.2352	-3.1645	0.0039	0.0011	0.2667
0.2353	-3.1678	0.0039	0.0011	0.2667
0.2355	-3.1710	0.0039	0.0011	0.2666
0.2357	-3.1743	0.0039	0.0011	0.2666
0.2358	-3.1775	0.0039	0.0011	0.2666
0.2360	-3.1808	0.0039	0.0011	0.2666
0.2362	-3.1840	0.0039	0.0011	0.2666
0.2363	-3.1873	0.0039	0.0011	0.2666
0.2365	-3.1905	0.0039	0.0011	0.2666
0.2367	-3.1938	0.0039	0.0011	0.2666
0.2368	-3.1970	0.0039	0.0011	0.2666
0.2370	-3.2002	0.0039	0.0011	0.2665
0.2372	-3.2035	0.0039	0.0011	0.2665
0.2373	-3.2067	0.0039	0.0011	0.2665
0.2375	-3.2100	0.0040	0.0011	0.2665
0.2377	-3.2132	0.0040	0.0011	0.2665
0.2378	-3.2165	0.0040	0.0011	0.2665
0.2380	-3.2197	0.0040	0.0011	0.2665
0.2382	-3.2230	0.0040	0.0011	0.2665
0.2383	-3.2262	0.0040	0.0011	0.2665
0.2385	-3.2295	0.0040	0.0011	0.2664
0.2387	-3.2327	0.0040	0.0011	0.2664
0.2388	-3.2360	0.0040	0.0011	0.2664
0.2390	-3.2392	0.0040	0.0011	0.2664
0.2392	-3.2425	0.0040	0.0011	0.2664
0.2393	-3.2457	0.0040	0.0011	0.2664
0.2395	-3.2490	0.0040	0.0011	0.2664
0.2397	-3.2522	0.0040	0.0011	0.2664
0.2398	-3.2555	0.0040	0.0011	0.2664
0.2400	-3.2587	0.0040	0.0011	0.2664
0.2402	-3.2620	0.0040	0.0011	0.2663
0.2403	-3.2652	0.0040	0.0011	0.2663
0.2405	-3.2684	0.0040	0.0011	0.2663
0.2407	-3.2717	0.0040	0.0011	0.2663
0.2408	-3.2749	0.0040	0.0011	0.2663
0.2410	-3.2782	0.0040	0.0011	0.2663
0.2412	-3.2814	0.0040	0.0011	0.2663
0.2413	-3.2847	0.0040	0.0011	0.2663
0.2415	-3.2879	0.0040	0.0011	0.2663
0.2417	-3.2912	0.0040	0.0011	0.2663
0.2418	-3.2944	0.0040	0.0011	0.2662
0.2420	-3.2977	0.0041	0.0011	0.2662
0.2422	-3.3009	0.0041	0.0011	0.2662
0.2423	-3.3042	0.0041	0.0011	0.2662
0.2425	-3.3074	0.0041	0.0011	0.2662
0.2427	-3.3107	0.0041	0.0011	0.2662
0.2428	-3.3139	0.0041	0.0011	0.2662
0.2430	-3.3172	0.0041	0.0011	0.2662
0.2432	-3.3204	0.0041	0.0011	0.2662
0.2433	-3.3236	0.0041	0.0011	0.2661
0.2435	-3.3269	0.0041	0.0011	0.2661
0.2437	-3.3301	0.0041	0.0011	0.2661
0.2438	-3.3334	0.0041	0.0011	0.2661
0.2440	-3.3366	0.0041	0.0011	0.2661
0.2442	-3.3399	0.0041	0.0011	0.2661
0.2443	-3.3431	0.0041	0.0011	0.2661
0.2445	-3.3464	0.0041	0.0011	0.2661
0.2447	-3.3496	0.0041	0.0011	0.2661
0.2448	-3.3529	0.0041	0.0011	0.2661
0.2450	-3.3561	0.0041	0.0011	0.2660
0.2452	-3.3594	0.0041	0.0011	0.2660
0.2453	-3.3626	0.0041	0.0011	0.2660
0.2455	-3.3658	0.0041	0.0011	0.2660
0.2457	-3.3691	0.0041	0.0011	0.2660
0.2458	-3.3723	0.0041	0.0011	0.2660
0.2460	-3.3756	0.0041	0.0011	0.2660
0.2462	-3.3788	0.0041	0.0011	0.2660
0.2463	-3.3821	0.0042	0.0011	0.2660
0.2465	-3.3853	0.0042	0.0011	0.2660
0.2467	-3.3886	0.0042	0.0011	0.2660
0.2468	-3.3918	0.0042	0.0011	0.2659
0.2470	-3.3951	0.0042	0.0011	0.2659
0.2472	-3.3983	0.0042	0.0011	0.2659
0.2473	-3.4015	0.0042	0.0011	0.2659
0.2475	-3.4048	0.0042	0.0011	0.2659
0.2477	-3.4080	0.0042	0.0011	0.2659
0.2478	-3.4113	0.0042	0.0011	0.2659
0.2480	-3.4145	0.0042	0.0011	0.2659
0.2482	-3.4178	0.0042	0.0011	0.2659
0.2483	-3.4210	0.0042	0.0011	0.2659
0.2485	-3.4243	0.0042	0.0011	0.2658
0.2487	-3.4275	0.0042	0.0011	0.2658
0.2488	-3.4307	0.0042	0.0011	0.2658
0.2490	-3.4340	0.0042	0.0011	0.2658
0.2492	-3.4372	0.0042	0.0011	0.2658
0.2493	-3.4405	0.0042	0.0011	0.2658
0.2495	-3.4437	0.0042	0.0011	0.2658
0.2497	-3.4470	0.0042	0.0011	0.2658
0.2498	-3.4502	0.0042	0.0011	0.2658
0.2500	-3.4534	0.0042	0.0011	0.2658
0.2502	-3.4567	0.0042	0.0011	0.2657
0.2503	-3.4599	0.0042	0.0011	0.2657
0.2505	-3.4632	0.0042	0.0011	0.2657
0.2507	-3.4664	0.0043	0.0011	0.2657
0.2508	-3.4697	0.0043	0.0011	0.2657
0.2510	-3.4729	0.0043	0.0011	0.2657
0.2512	-3.4762	0.0043	0.0011	0.2657
0.2513	-3.4794	0.0043	0.0011	0.2657
0.2515	-3.4826	0.0043	0.0011	0.2657
0.2517	-3.4859	0.0043	0.0011	0.2657
0.2518	-3.4891	0.0043	0.0011	0.2657
0.2520	-3.4924	0.0043	0.0011	0.2656
0.2522	-3.4956	0.0043	0.0011	0.2656
0.2523	-3.4989	0.0043	0.0011	0.2656
0.2525	-3.5021	0.0043	0.0011	0.2656
0.2527	-3.5053	0.0043	0.0011	0.2656
0.2528	-3.5086	0.0043	0.0011	0.2656
0.2530	-3.5118	0.0043	0.0011	0.2656
0.2532	-3.5151	0.0043	0.0011	0.2656
0.2533	-3.5183	0.0043	0.0011	0.2656
0.2535	-3.5215	0.0043	0.0011	0.2656
0.2537	-3.5248	0.0043	0.0011	0.2656
0.2538	-3.5280	0.0043	0.0011	0.2655
0.2540	-3.5313	0.0043	0.0011	0.2655
0.2542	-3.5345	0.0043	0.0011	0.2655
0.2543	-3.5378	0.0043	0.0011	0.2655
0.2545	-3.5410	0.0043	0.0011	0.2655
0.2547	-3.5442	0.0043	0.0011	0.2655
0.2548	-3.5475	0.0043	0.0011	0.2655
0.2550	-3.5507	0.0043	0.0011	0.2655
0.2552	-3.5540	0.0044	0.0011	0.2655
0.2553	-3.5572	0.0044	0.0011	0.2655
0.2555	-3.5604	0.0044	0.0011	0.2654
0.2557	-3.5637	0.0044	0.0011	0.2654
0.2558	-3.5669	0.0044	0.0011	0.2654
0.2560	-3.5702	0.0044	0.0011	0.2654
0.2562	-3.5734	0.0044	0.0011	0.2654
0.2563	-3.5766	0.0044	0.0011	0.2654
0.2565	-3.5799	0.0044	0.0011	0.2654
0.2567	-3.5831	0.0044	0.0011	0.2654
0.2568	-3.5864	0.0044	0.0011	0.2654
0.2570	-3.5896	0.0044	0.0011	0.2654
0.2572	-3.5928	0.0044	0.0011	0.2654
0.2573	-3.5961	0.0044	0.0011	0.2653
0.2575	-3.5993	0.0044	0.0011	0.2653
0.2577	-3.6026	0.0044	0.0011	0.2653
0.2578	-3.6058	0.0044	0.0011	0.2653
0.2580	-3.6090	0.0044	0.0011	0.2653
0.2582	-3.6123	0.0044	0.0011	0.2653
0.2583	-3.6155	0.0044	0.0011	0.2653
0.2585	-3.6187	0.0044	0.0011	0.2653
0.2587	-3.6220	0.0044	0.0011	0.2653
0.2588	-3.6252	0.0044	0.0011	0.2653
0.2590	-3.6285	0.0044	0.0011	0.2653
0.2592	-3.6317	0.0044	0.0011	0.2653
0.2593	-3.6349	0.0044	0.0011	0.2652
0.2595	-3.6382	0.0045	0.0011	0.2652
0.2597	-3.6414	0.0045	0.0011	0.2652
0.2598	-3.6447	0.0045	0.0011	0.2652
0.2600	-3.6479	0.0045	0.0011	0.2652
0.2602	-3.6511	0.0045	0.0011	0.2652
0.2603	-3.6544	0.0045	0.0011	0.2652
0.2605	-3.6576	0.0045	0.0011	0.2652
0.2607	-3.6608	0.0045	0.0011	0.2652
0.2608	-3.6641	0.0045	0.0011	0.2652
0.2610	-3.6673	0.0045	0.0011	0.2652
0.2612	-3.6705	0.0045	0.0011	0.2651
0.2613	-3.6738	0.0045	0.0011	0.2651
0.2615	-3.6770	0.0045	0.0011	0.2651
0.2617	-3.6803	0.0045	0.0011	0.2651
0.2618	-3.6835	0.0045	0.0011	0.2651
0.2620	-3.6867	0.0045	0.0011	0.2651
0.2622	-3.6900	0.0045	0.0011	0.2651
0.2623	-3.6932	0.0045	0.0011	0.2651
0.2625	-3.6964	0.0045	0.0011	0.2651
0.2627	-3.6997	0.0045	0.0011	0.2651
0.2628	-3.7029	0.0045	0.0011	0.2651
0.2630	-3.7061	0.0045	0.0011	0.2651
0.2632	-3.7094	0.0045	0.0011	0.2650
0.2633	-3.7126	0.0045	0.0011	0.2650
0.2635	-3.7158	0.0045	0.0011	0.2650
0.2637	-3.7191	0.0045	0.0011	0.2650
0.2638	-3.7223	0.0046	0.0011	0.2650
0.2640	-3.7255	0.0046	0.0011	0.2650
0.2642	-3.7288	0.0046	0.0011	0.2650
0.2643	-3.7320	0.0046	0.0011	0.2650
0.2645	-3.7352	0.0046	0.0011	0.2650
0.2647	-3.7385	0.0046	0.0011	0.2650
0.2648	-3.7417	0.0046	0.0011	0.2650
0.2650	-3.7449	0.0046	0.0011	0.2650
0.2652	-3.7482	0.0046	0.0011	0.2649
0.2653	-3.7514	0.0046	0.0011	0.2649
0.2655	-3.7546	0.0046	0.0011	0.2649
0.2657	-3.7579	0.0046	0.0011	0.2649
0.2658	-3.7611	0.0046	0.0011	0.2649
0.2660	-3.7643	0.0046	0.0011	0.2649
0.2662	-3.7676	0.0046	0.0011	0.2649
0.2663	-3.7708	0.0046	0.0011	0.2649
0.2665	-3.7740	0.0046	0.0011	0.2649
0.2667	-3.7773	0.0046	0.0011	0.2649
0.2668	-3.7805	0.0046	0.0011	0.2649
0.2670	-3.7837	0.0046	0.0011	0.2649
0.2672	-3.7870	0.0046	0.0011	0.2648
0.2673	-3.7902	0.0046	0.0011	0.2648
0.2675	-3.7934	0.0046	0.0011	0.2648
0.2677	-3.7967	0.0046	0.0011	0.2648
0.2678	-3.7999	0.0046	0.0011	0.2648
0.2680	-3.8031	0.0046	0.0011	0.2648
0.2682	-3.8064	0.0046	0.0011	0.2648
0.2683	-3.8096	0.0047	0.0011	0.2648
0.2685	-3.8128	0.0047	0.0011	0.2648
0.2687	-3.8160	0.0047	0.0011	0.2648
0.2688	-3.8193	0.0047	0.0011	0.2648
0.2690	-3.8225	0.0047	0.0011	0.2648
0.2692	-3.8257	0.0047	0.0011	0.2647
0.2693	-3.8290	0.0047	0.0011	0.2647
0.2695	-3.8322	0.0047	0.0011	0.2647
0.2697	-3.8354	0.0047	0.0011	0.2647
0.2698	-3.8386	0.0047	0.0011	0.2647
0.2700	-3.8419	0.0047	0.0011	0.2647
0.2702	-3.8451	0.0047	0.0011	0.2647
0.2703	-3.8483	0.0047	0.0011	0.2647
0.2705	-3.8516	0.0047	0.0011	0.2647
0.2707	-3.8548	0.0047	0.0011	0.2647
0.2708	-3.8580	0.0047	0.0011	0.2647
0.2710	-3.8612	0.0047	0.0011	0.2647
0.2712	-3.8645	0.0047	0.0011	0.2647
0.2713	-3.8677	0.0047	0.0011	0.2646
0.2715	-3.8709	0.0047	0.0011	0.2646
0.2717	-3.8742	0.0047	0.0011	0.2646
0.2718	-3.8774	0.0047	0.0011	0.2646
0.2720	-3.8806	0.0047	0.0011	0.2646
0.2722	-3.8838	0.0047	0.0011	0.2646
0.2723	-3.8871	0.0047	0.0011	0.2646
0.2725	-3.8903	0.0047	0.0011	0.2646
0.2727	-3.8935	0.0047	0.0011	0.2646
0.2728	-3.8967	0.0048	0.0011	0.2646
0.2730	-3.9000	0.0048	0.0011	0.2646
0.2732	-3.9032	0.0048	0.0011	0.2646
0.2733	-3.9064	0.0048	0.0011	0.2645
0.2735	-3.9096	0.0048	0.0011	0.2645
0.2737	-3.9129	0.0048	0.0011	0.2645
0.2738	-3.9161	0.0048	0.0011	0.2645
0.2740	-3.9193	0.0048	0.0011	0.2645
0.2742	-3.9225	0.0048	0.0011	0.2645
0.2743	-3.9258	0.0048	0.0011	0.2645
0.2745	-3.9290	0.0048	0.0011	0.2645
0.2747	-3.9322	0.0048	0.0011	0.2645
0.2748	-3.9354	0.0048	0.0011	0.2645
0.2750	-3.9387	0.0048	0.0011	0.2645
0.2752	-3.9419	0.0048	0.0011	0.2645
0.2753	-3.9451	0.0048	0.0011	0.2645
0.2755	-3.9483	0.0048	0.0011	0.2644
0.2757	-3.9516	0.0048	0.0011	0.2644
0.2758	-3.9548	0.0048	0.0011	0.2644
0.2760	-3.9580	0.0048	0.0011	0.2644
0.2762	-3.9612	0.0048	0.0011	0.2644
0.2763	-3.9645	0.0048	0.0011	0.2644
0.2765	-3.9677	0.0048	0.0011	0.2644
0.2767	-3.9709	0.0048	0.0011	0.2644
0.2768	-3.9741	0.0048	0.0011	0.2644
0.2770	-3.9773	0.0048	0.0011	0.2644
0.2772	-3.9806	0.0049	0.0011	0.2644
0.2773	-3.9838	0.0049	0.0011	0.2644
0.2775	-3.9870	0.0049	0.0011	0.2644
0.2777	-3.9902	0.0049	0.0011	0.2644
0.2778	-3.9934	0.0049	0.0011	0.2643
0.2780	-3.9967	0.0049	0.0011	0.2643
0.2782	-3.9999	0.0049	0.0011	0.2643
0.2783	-4.0031	0.0049	0.0011	0.2643
0.2785	-4.0063	0.0049	0.0011	0.2643
0.2787	-4.0095	0.0049	0.0011	0.2643
0.2788	-4.0128	0.0049	0.0011	0.2643
0.2790	-4.0160	0.0049	0.0011	0.2643
0.2792	-4.0192	0.0049	0.0011	0.2643
0.2793	-4.0224	0.0049	0.0011	0.2643
0.2795	-4.0256	0.0049	0.0011	0.2643
0.2797	-4.0289	0.0049	0.0011	0.2643
0.2798	-4.0321	0.0049	0.0011	0.2643
0.2800	-4.0353	0.0049	0.0011	0.2642
