# E_lab [MeV]	L_real	L_imag	|L|
0.000167	4.863646	-0.017995	4.863679
0.000333	4.863607	-0.017995	4.863640
0.000500	4.863567	-0.017994	4.863601
0.000667	4.863528	-0.017994	4.863561
0.000833	4.863488	-0.017994	4.863522
0.001000	4.863449	-0.017994	4.863482
0.001167	4.863410	-0.017993	4.863443
0.001333	4.863370	-0.017993	4.863404
0.001500	4.863331	-0.017993	4.863364
0.001667	4.863291	-0.017992	4.863325
0.001833	4.863252	-0.017992	4.863285
0.002000	4.863213	-0.017992	4.863246
0.002167	4.863173	-0.017992	4.863206
0.002333	4.863134	-0.017991	4.863167
0.002500	4.863094	-0.017991	4.863128
0.002667	4.863055	-0.017991	4.863088
0.002833	4.863016	-0.017991	4.863049
0.003000	4.862976	-0.017990	4.863009
0.003167	4.862937	-0.017990	4.862970
0.003333	4.862897	-0.017990	4.862931
0.003500	4.862858	-0.017990	4.862891
0.003667	4.862819	-0.017989	4.862852
0.003833	4.862779	-0.017989	4.862812
0.004000	4.862740	-0.017989	4.862773
0.004167	4.862700	-0.017989	4.862734
0.004333	4.862661	-0.017988	4.862694
0.004500	4.862622	-0.017988	4.862655
0.004667	4.862582	-0.017988	4.862615
0.004833	4.862543	-0.017987	4.862576
0.005000	4.862503	-0.017987	4.862537
0.005167	4.862464	-0.017987	4.862497
0.005333	4.862425	-0.017987	4.862458
0.005500	4.862385	-0.017986	4.862418
0.005667	4.862346	-0.017986	4.862379
0.005833	4.862306	-0.017986	4.862340
0.006000	4.862267	-0.017986	4.862300
0.006167	4.862228	-0.017985	4.862261
0.006333	4.862188	-0.017985	4.862221
0.006500	4.862149	-0.017985	4.862182
0.006667	4.862109	-0.017985	4.862143
0.006833	4.862070	-0.017984	4.862103
0.007000	4.862031	-0.017984	4.862064
0.007167	4.861991	-0.017984	4.862024
0.007333	4.861952	-0.017984	4.861985
0.007500	4.861912	-0.017983	4.861946
0.007667	4.861873	-0.017983	4.861906
0.007833	4.861834	-0.017983	4.861867
0.008000	4.861794	-0.017982	4.861828
0.008167	4.861755	-0.017982	4.861788
0.008333	4.861716	-0.017982	4.861749
0.008500	4.861676	-0.017982	4.861709
0.008667	4.861637	-0.017981	4.861670
0.008833	4.861597	-0.017981	4.861631
0.009000	4.861558	-0.017981	4.861591
0.009167	4.861519	-0.017981	4.861552
0.009333	4.861479	-0.017980	4.861512
0.009500	4.861440	-0.017980	4.861473
0.009667	4.861400	-0.017980	4.861434
0.009833	4.861361	-0.017980	4.861394
0.010000	4.861322	-0.017979	4.861355
0.010167	4.861282	-0.017979	4.861316
0.010333	4.861243	-0.017979	4.861276
0.010500	4.861204	-0.017979	4.861237
0.010667	4.861164	-0.017978	4.861197
0.010833	4.861125	-0.017978	4.861158
0.011000	4.861085	-0.017978	4.861119
0.011167	4.861046	-0.017978	4.861079
0.011333	4.861007	-0.017977	4.861040
0.011500	4.860967	-0.017977	4.861000
0.011667	4.860928	-0.017977	4.860961
0.011833	4.860888	-0.017976	4.860922
0.012000	4.860849	-0.017976	4.860882
0.012167	4.860810	-0.017976	4.860843
0.012333	4.860770	-0.017976	4.860804
0.012500	4.860731	-0.017975	4.860764
0.012667	4.860692	-0.017975	4.860725
0.012833	4.860652	-0.017975	4.860685
0.013000	4.860613	-0.017975	4.860646
0.013167	4.860573	-0.017974	4.860607
0.013333	4.860534	-0.017974	4.860567
0.013500	4.860495	-0.017974	4.860528
0.013667	4.860455	-0.017974	4.860489
0.013833	4.860416	-0.017973	4.860449
0.014000	4.860377	-0.017973	4.860410
0.014167	4.860337	-0.017973	4.860370
0.014333	4.860298	-0.017973	4.860331
0.014500	4.860259	-0.017972	4.860292
0.014667	4.860219	-0.017972	4.860252
0.014833	4.860180	-0.017972	4.860213
0.015000	4.860140	-0.017971	4.860174
0.015167	4.860101	-0.017971	4.860134
0.015333	4.860062	-0.017971	4.860095
0.015500	4.860022	-0.017971	4.860056
0.015667	4.859983	-0.017970	4.860016
0.015833	4.859944	-0.017970	4.859977
0.016000	4.859904	-0.017970	4.859937
0.016167	4.859865	-0.017970	4.859898
0.016333	4.859825	-0.017969	4.859859
0.016500	4.859786	-0.017969	4.859819
0.016667	4.859747	-0.017969	4.859780
0.016833	4.859707	-0.017969	4.859741
0.017000	4.859668	-0.017968	4.859701
0.017167	4.859629	-0.017968	4.859662
0.017333	4.859589	-0.017968	4.859623
0.017500	4.859550	-0.017968	4.859583
0.017667	4.859511	-0.017967	4.859544
0.017833	4.859471	-0.017967	4.859504
0.018000	4.859432	-0.017967	4.859465
0.018167	4.859393	-0.017967	4.859426
0.018333	4.859353	-0.017966	4.859386
0.018500	4.859314	-0.017966	4.859347
0.018667	4.859274	-0.017966	4.859308
0.018833	4.859235	-0.017965	4.859268
0.019000	4.859196	-0.017965	4.859229
0.019167	4.859156	-0.017965	4.859190
0.019333	4.859117	-0.017965	4.859150
0.019500	4.859078	-0.017964	4.859111
0.019667	4.859038	-0.017964	4.859072
0.019833	4.858999	-0.017964	4.859032
0.020000	4.858960	-0.017964	4.858993
0.020167	4.858920	-0.017963	4.858953
0.020333	4.858881	-0.017963	4.858914
0.020500	4.858842	-0.017963	4.858875
0.020667	4.858802	-0.017963	4.858835
0.020833	4.858763	-0.017962	4.858796
0.021000	4.858724	-0.017962	4.858757
0.021167	4.858684	-0.017962	4.858717
0.021333	4.858645	-0.017962	4.858678
0.021500	4.858605	-0.017961	4.858639
0.021667	4.858566	-0.017961	4.858599
0.021833	4.858527	-0.017961	4.858560
0.022000	4.858487	-0.017961	4.858521
0.022167	4.858448	-0.017960	4.858481
0.022333	4.858409	-0.017960	4.858442
0.022500	4.858369	-0.017960	4.858403
0.022667	4.858330	-0.017959	4.858363
0.022833	4.858291	-0.017959	4.858324
0.023000	4.858251	-0.017959	4.858285
0.023167	4.858212	-0.017959	4.858245
0.023333	4.858173	-0.017958	4.858206
0.023500	4.858133	-0.017958	4.858167
0.023667	4.858094	-0.017958	4.858127
0.023833	4.858055	-0.017958	4.858088
0.024000	4.858015	-0.017957	4.858049
0.024167	4.857976	-0.017957	4.858009
0.024333	4.857937	-0.017957	4.857970
0.024500	4.857897	-0.017957	4.857930
0.024667	4.857858	-0.017956	4.857891
0.024833	4.857819	-0.017956	4.857852
0.025000	4.857779	-0.017956	4.857812
0.025167	4.857740	-0.017956	4.857773
0.025333	4.857701	-0.017955	4.857734
0.025500	4.857661	-0.017955	4.857694
0.025667	4.857622	-0.017955	4.857655
0.025833	4.857583	-0.017954	4.857616
0.026000	4.857543	-0.017954	4.857576
0.026167	4.857504	-0.017954	4.857537
0.026333	4.857465	-0.017954	4.857498
0.026500	4.857425	-0.017953	4.857458
0.026667	4.857386	-0.017953	4.857419
0.026833	4.857347	-0.017953	4.857380
0.027000	4.857307	-0.017953	4.857340
0.027167	4.857268	-0.017952	4.857301
0.027333	4.857229	-0.017952	4.857262
0.027500	4.857189	-0.017952	4.857222
0.027667	4.857150	-0.017952	4.857183
0.027833	4.857111	-0.017951	4.857144
0.028000	4.857071	-0.017951	4.857104
0.028167	4.857032	-0.017951	4.857065
0.028333	4.856993	-0.017951	4.857026
0.028500	4.856953	-0.017950	4.856987
0.028667	4.856914	-0.017950	4.856947
0.028833	4.856875	-0.017950	4.856908
0.029000	4.856835	-0.017950	4.856869
0.029167	4.856796	-0.017949	4.856829
0.029333	4.856757	-0.017949	4.856790
0.029500	4.856717	-0.017949	4.856751
0.029667	4.856678	-0.017948	4.856711
0.029833	4.856639	-0.017948	4.856672
0.030000	4.856599	-0.017948	4.856633
0.030167	4.856560	-0.017948	4.856593
0.030333	4.856521	-0.017947	4.856554
0.030500	4.856481	-0.017947	4.856515
0.030667	4.856442	-0.017947	4.856475
0.030833	4.856403	-0.017947	4.856436
0.031000	4.856364	-0.017946	4.856397
0.031167	4.856324	-0.017946	4.856357
0.031333	4.856285	-0.017946	4.856318
0.031500	4.856246	-0.017946	4.856279
0.031667	4.856206	-0.017945	4.856239
0.031833	4.856167	-0.017945	4.856200
0.032000	4.856128	-0.017945	4.856161
0.032167	4.856088	-0.017945	4.856121
0.032333	4.856049	-0.017944	4.856082
0.032500	4.856010	-0.017944	4.856043
0.032667	4.855970	-0.017944	4.856004
0.032833	4.855931	-0.017944	4.855964
0.033000	4.855892	-0.017943	4.855925
0.033167	4.855852	-0.017943	4.855886
0.033333	4.855813	-0.017943	4.855846
0.033500	4.855774	-0.017942	4.855807
0.033667	4.855734	-0.017942	4.855768
0.033833	4.855695	-0.017942	4.855728
0.034000	4.855656	-0.017942	4.855689
0.034167	4.855617	-0.017941	4.855650
0.034333	4.855577	-0.017941	4.855610
0.034500	4.855538	-0.017941	4.855571
0.034667	4.855499	-0.017941	4.855532
0.034833	4.855459	-0.017940	4.855492
0.035000	4.855420	-0.017940	4.855453
0.035167	4.855381	-0.017940	4.855414
0.035333	4.855341	-0.017940	4.855375
0.035500	4.855302	-0.017939	4.855335
0.035667	4.855263	-0.017939	4.855296
0.035833	4.855224	-0.017939	4.855257
0.036000	4.855184	-0.017939	4.855217
0.036167	4.855145	-0.017938	4.855178
0.036333	4.855106	-0.017938	4.855139
0.036500	4.855066	-0.017938	4.855099
0.036667	4.855027	-0.017938	4.855060
0.036833	4.854988	-0.017937	4.855021
0.037000	4.854948	-0.017937	4.854982
0.037167	4.854909	-0.017937	4.854942
0.037333	4.854870	-0.017936	4.854903
0.037500	4.854831	-0.017936	4.854864
0.037667	4.854791	-0.017936	4.854824
0.037833	4.854752	-0.017936	4.854785
0.038000	4.854713	-0.017935	4.854746
0.038167	4.854673	-0.017935	4.854706
0.038333	4.854634	-0.017935	4.854667
0.038500	4.854595	-0.017935	4.854628
0.038667	4.854555	-0.017934	4.854589
0.038833	4.854516	-0.017934	4.854549
0.039000	4.854477	-0.017934	4.854510
0.039167	4.854438	-0.017934	4.854471
0.039333	4.854398	-0.017933	4.854431
0.039500	4.854359	-0.017933	4.854392
0.039667	4.854320	-0.017933	4.854353
0.039833	4.854280	-0.017933	4.854314
0.040000	4.854241	-0.017932	4.854274
0.040167	4.854202	-0.017932	4.854235
0.040333	4.854163	-0.017932	4.854196
0.040500	4.854123	-0.017932	4.854156
0.040667	4.854084	-0.017931	4.854117
0.040833	4.854045	-0.017931	4.854078
0.041000	4.854005	-0.017931	4.854038
0.041167	4.853966	-0.017930	4.853999
0.041333	4.853927	-0.017930	4.853960
0.041500	4.853887	-0.017930	4.853921
0.041667	4.853848	-0.017930	4.853881
0.041833	4.853809	-0.017929	4.853842
0.042000	4.853770	-0.017929	4.853803
0.042167	4.853730	-0.017929	4.853763
0.042333	4.853691	-0.017929	4.853724
0.042500	4.853652	-0.017928	4.853685
0.042667	4.853613	-0.017928	4.853646
0.042833	4.853573	-0.017928	4.853606
0.043000	4.853534	-0.017928	4.853567
0.043167	4.853495	-0.017927	4.853528
0.043333	4.853455	-0.017927	4.853488
0.043500	4.853416	-0.017927	4.853449
0.043667	4.853377	-0.017927	4.853410
0.043833	4.853338	-0.017926	4.853371
0.044000	4.853298	-0.017926	4.853331
0.044167	4.853259	-0.017926	4.853292
0.044333	4.853220	-0.017926	4.853253
0.044500	4.853180	-0.017925	4.853214
0.044667	4.853141	-0.017925	4.853174
0.044833	4.853102	-0.017925	4.853135
0.045000	4.853063	-0.017925	4.853096
0.045167	4.853023	-0.017924	4.853056
0.045333	4.852984	-0.017924	4.853017
0.045500	4.852945	-0.017924	4.852978
0.045667	4.852906	-0.017923	4.852939
0.045833	4.852866	-0.017923	4.852899
0.046000	4.852827	-0.017923	4.852860
0.046167	4.852788	-0.017923	4.852821
0.046333	4.852748	-0.017922	4.852782
0.046500	4.852709	-0.017922	4.852742
0.046667	4.852670	-0.017922	4.852703
0.046833	4.852631	-0.017922	4.852664
0.047000	4.852591	-0.017921	4.852624
0.047167	4.852552	-0.017921	4.852585
0.047333	4.852513	-0.017921	4.852546
0.047500	4.852474	-0.017921	4.852507
0.047667	4.852434	-0.017920	4.852467
0.047833	4.852395	-0.017920	4.852428
0.048000	4.852356	-0.017920	4.852389
0.048167	4.852316	-0.017920	4.852350
0.048333	4.852277	-0.017919	4.852310
0.048500	4.852238	-0.017919	4.852271
0.048667	4.852199	-0.017919	4.852232
0.048833	4.852159	-0.017919	4.852192
0.049000	4.852120	-0.017918	4.852153
0.049167	4.852081	-0.017918	4.852114
0.049333	4.852042	-0.017918	4.852075
0.049500	4.852002	-0.017917	4.852035
0.049667	4.851963	-0.017917	4.851996
0.049833	4.851924	-0.017917	4.851957
0.050000	4.851885	-0.017917	4.851918
0.050167	4.851845	-0.017916	4.851878
0.050333	4.851806	-0.017916	4.851839
0.050500	4.851767	-0.017916	4.851800
0.050667	4.851728	-0.017916	4.851761
0.050833	4.851688	-0.017915	4.851721
0.051000	4.851649	-0.017915	4.851682
0.051167	4.851610	-0.017915	4.851643
0.051333	4.851571	-0.017915	4.851604
0.051500	4.851531	-0.017914	4.851564
0.051667	4.851492	-0.017914	4.851525
0.051833	4.851453	-0.017914	4.851486
0.052000	4.851413	-0.017914	4.851447
0.052167	4.851374	-0.017913	4.851407
0.052333	4.851335	-0.017913	4.851368
0.052500	4.851296	-0.017913	4.851329
0.052667	4.851256	-0.017913	4.851290
0.052833	4.851217	-0.017912	4.851250
0.053000	4.851178	-0.017912	4.851211
0.053167	4.851139	-0.017912	4.851172
0.053333	4.851099	-0.017911	4.851133
0.053500	4.851060	-0.017911	4.851093
0.053667	4.851021	-0.017911	4.851054
0.053833	4.850982	-0.017911	4.851015
0.054000	4.850942	-0.017910	4.850976
0.054167	4.850903	-0.017910	4.850936
0.054333	4.850864	-0.017910	4.850897
0.054500	4.850825	-0.017910	4.850858
0.054667	4.850785	-0.017909	4.850819
0.054833	4.850746	-0.017909	4.850779
0.055000	4.850707	-0.017909	4.850740
0.055167	4.850668	-0.017909	4.850701
0.055333	4.850629	-0.017908	4.850662
0.055500	4.850589	-0.017908	4.850622
0.055667	4.850550	-0.017908	4.850583
0.055833	4.850511	-0.017908	4.850544
0.056000	4.850472	-0.017907	4.850505
0.056167	4.850432	-0.017907	4.850465
0.056333	4.850393	-0.017907	4.850426
0.056500	4.850354	-0.017907	4.850387
0.056667	4.850315	-0.017906	4.850348
0.056833	4.850275	-0.017906	4.850308
0.057000	4.850236	-0.017906	4.850269
0.057167	4.850197	-0.017906	4.850230
0.057333	4.850158	-0.017905	4.850191
0.057500	4.850118	-0.017905	4.850151
0.057667	4.850079	-0.017905	4.850112
0.057833	4.850040	-0.017904	4.850073
0.058000	4.850001	-0.017904	4.850034
0.058167	4.849961	-0.017904	4.849994
0.058333	4.849922	-0.017904	4.849955
0.058500	4.849883	-0.017903	4.849916
0.058667	4.849844	-0.017903	4.849877
0.058833	4.849805	-0.017903	4.849838
0.059000	4.849765	-0.017903	4.849798
0.059167	4.849726	-0.017902	4.849759
0.059333	4.849687	-0.017902	4.849720
0.059500	4.849648	-0.017902	4.849681
0.059667	4.849608	-0.017902	4.849641
0.059833	4.849569	-0.017901	4.849602
0.060000	4.849530	-0.017901	4.849563
0.060167	4.849491	-0.017901	4.849524
0.060333	4.849451	-0.017901	4.849484
0.060500	4.849412	-0.017900	4.849445
0.060667	4.849373	-0.017900	4.849406
0.060833	4.849334	-0.017900	4.849367
0.061000	4.849295	-0.017900	4.849328
0.061167	4.849255	-0.017899	4.849288
0.061333	4.849216	-0.017899	4.849249
0.061500	4.849177	-0.017899	4.849210
0.061667	4.849138	-0.017899	4.849171
0.061833	4.849098	-0.017898	4.849131
0.062000	4.849059	-0.017898	4.849092
0.062167	4.849020	-0.017898	4.849053
0.062333	4.848981	-0.017897	4.849014
0.062500	4.848942	-0.017897	4.848975
0.062667	4.848902	-0.017897	4.848935
0.062833	4.848863	-0.017897	4.848896
0.063000	4.848824	-0.017896	4.848857
0.063167	4.848785	-0.017896	4.848818
0.063333	4.848745	-0.017896	4.848778
0.063500	4.848706	-0.017896	4.848739
0.063667	4.848667	-0.017895	4.848700
0.063833	4.848628	-0.017895	4.848661
0.064000	4.848589	-0.017895	4.848622
0.064167	4.848549	-0.017895	4.848582
0.064333	4.848510	-0.017894	4.848543
0.064500	4.848471	-0.017894	4.848504
0.064667	4.848432	-0.017894	4.848465
0.064833	4.848392	-0.017894	4.848425
0.065000	4.848353	-0.017893	4.848386
0.065167	4.848314	-0.017893	4.848347
0.065333	4.848275	-0.017893	4.848308
0.065500	4.848236	-0.017893	4.848269
0.065667	4.848196	-0.017892	4.848229
0.065833	4.848157	-0.017892	4.848190
0.066000	4.848118	-0.017892	4.848151
0.066167	4.848079	-0.017891	4.848112
0.066333	4.848040	-0.017891	4.848073
0.066500	4.848000	-0.017891	4.848033
0.066667	4.847961	-0.017891	4.847994
0.066833	4.847922	-0.017890	4.847955
0.067000	4.847883	-0.017890	4.847916
0.067167	4.847844	-0.017890	4.847877
0.067333	4.847804	-0.017890	4.847837
0.067500	4.847765	-0.017889	4.847798
0.067667	4.847726	-0.017889	4.847759
0.067833	4.847687	-0.017889	4.847720
0.068000	4.847647	-0.017889	4.847680
0.068167	4.847608	-0.017888	4.847641
0.068333	4.847569	-0.017888	4.847602
0.068500	4.847530	-0.017888	4.847563
0.068667	4.847491	-0.017888	4.847524
0.068833	4.847451	-0.017887	4.847484
0.069000	4.847412	-0.017887	4.847445
0.069167	4.847373	-0.017887	4.847406
0.069333	4.847334	-0.017887	4.847367
0.069500	4.847295	-0.017886	4.847328
0.069667	4.847255	-0.017886	4.847288
0.069833	4.847216	-0.017886	4.847249
0.070000	4.847177	-0.017886	4.847210
0.070167	4.847138	-0.017885	4.847171
0.070333	4.847099	-0.017885	4.847132
0.070500	4.847059	-0.017885	4.847092
0.070667	4.847020	-0.017884	4.847053
0.070833	4.846981	-0.017884	4.847014
0.071000	4.846942	-0.017884	4.846975
0.071167	4.846903	-0.017884	4.846936
0.071333	4.846863	-0.017883	4.846896
0.071500	4.846824	-0.017883	4.846857
0.071667	4.846785	-0.017883	4.846818
0.071833	4.846746	-0.017883	4.846779
0.072000	4.846707	-0.017882	4.846740
0.072167	4.846668	-0.017882	4.846700
0.072333	4.846628	-0.017882	4.846661
0.072500	4.846589	-0.017882	4.846622
0.072667	4.846550	-0.017881	4.846583
0.072833	4.846511	-0.017881	4.846544
0.073000	4.846472	-0.017881	4.846505
0.073167	4.846432	-0.017881	4.846465
0.073333	4.846393	-0.017880	4.846426
0.073500	4.846354	-0.017880	4.846387
0.073667	4.846315	-0.017880	4.846348
0.073833	4.846276	-0.017880	4.846309
0.074000	4.846236	-0.017879	4.846269
0.074167	4.846197	-0.017879	4.846230
0.074333	4.846158	-0.017879	4.846191
0.074500	4.846119	-0.017879	4.846152
0.074667	4.846080	-0.017878	4.846113
0.074833	4.846040	-0.017878	4.846073
0.075000	4.846001	-0.017878	4.846034
0.075167	4.845962	-0.017878	4.845995
0.075333	4.845923	-0.017877	4.845956
0.075500	4.845884	-0.017877	4.845917
0.075667	4.845845	-0.017877	4.845878
0.075833	4.845805	-0.017876	4.845838
0.076000	4.845766	-0.017876	4.845799
0.076167	4.845727	-0.017876	4.845760
0.076333	4.845688	-0.017876	4.845721
0.076500	4.845649	-0.017875	4.845682
0.076667	4.845609	-0.017875	4.845642
0.076833	4.845570	-0.017875	4.845603
0.077000	4.845531	-0.017875	4.845564
0.077167	4.845492	-0.017874	4.845525
0.077333	4.845453	-0.017874	4.845486
0.077500	4.845414	-0.017874	4.845447
0.077667	4.845374	-0.017874	4.845407
0.077833	4.845335	-0.017873	4.845368
0.078000	4.845296	-0.017873	4.845329
0.078167	4.845257	-0.017873	4.845290
0.078333	4.845218	-0.017873	4.845251
0.078500	4.845179	-0.017872	4.845212
0.078667	4.845139	-0.017872	4.845172
0.078833	4.845100	-0.017872	4.845133
0.079000	4.845061	-0.017872	4.845094
0.079167	4.845022	-0.017871	4.845055
0.079333	4.844983	-0.017871	4.845016
0.079500	4.844944	-0.017871	4.844976
0.079667	4.844904	-0.017871	4.844937
0.079833	4.844865	-0.017870	4.844898
0.080000	4.844826	-0.017870	4.844859
0.080167	4.844787	-0.017870	4.844820
0.080333	4.844748	-0.017869	4.844781
0.080500	4.844709	-0.017869	4.844741
0.080667	4.844669	-0.017869	4.844702
0.080833	4.844630	-0.017869	4.844663
0.081000	4.844591	-0.017868	4.844624
0.081167	4.844552	-0.017868	4.844585
0.081333	4.844513	-0.017868	4.844546
0.081500	4.844474	-0.017868	4.844506
0.081667	4.844434	-0.017867	4.844467
0.081833	4.844395	-0.017867	4.844428
0.082000	4.844356	-0.017867	4.844389
0.082167	4.844317	-0.017867	4.844350
0.082333	4.844278	-0.017866	4.844311
0.082500	4.844239	-0.017866	4.844272
0.082667	4.844199	-0.017866	4.844232
0.082833	4.844160	-0.017866	4.844193
0.083000	4.844121	-0.017865	4.844154
0.083167	4.844082	-0.017865	4.844115
0.083333	4.844043	-0.017865	4.844076
0.083500	4.844004	-0.017865	4.844037
0.083667	4.843964	-0.017864	4.843997
0.083833	4.843925	-0.017864	4.843958
0.084000	4.843886	-0.017864	4.843919
0.084167	4.843847	-0.017864	4.843880
0.084333	4.843808	-0.017863	4.843841
0.084500	4.843769	-0.017863	4.843802
0.084667	4.843730	-0.017863	4.843762
0.084833	4.843690	-0.017862	4.843723
0.085000	4.843651	-0.017862	4.843684
0.085167	4.843612	-0.017862	4.843645
0.085333	4.843573	-0.017862	4.843606
0.085500	4.843534	-0.017861	4.843567
0.085667	4.843495	-0.017861	4.843528
0.085833	4.843455	-0.017861	4.843488
0.086000	4.843416	-0.017861	4.843449
0.086167	4.843377	-0.017860	4.843410
0.086333	4.843338	-0.017860	4.843371
0.086500	4.843299	-0.017860	4.843332
0.086667	4.843260	-0.017860	4.843293
0.086833	4.843221	-0.017859	4.843253
0.087000	4.843181	-0.017859	4.843214
0.087167	4.843142	-0.017859	4.843175
0.087333	4.843103	-0.017859	4.843136
0.087500	4.843064	-0.017858	4.843097
0.087667	4.843025	-0.017858	4.843058
0.087833	4.842986	-0.017858	4.843019
0.088000	4.842947	-0.017858	4.842979
0.088167	4.842907	-0.017857	4.842940
0.088333	4.842868	-0.017857	4.842901
0.088500	4.842829	-0.017857	4.842862
0.088667	4.842790	-0.017857	4.842823
0.088833	4.842751	-0.017856	4.842784
0.089000	4.842712	-0.017856	4.842745
0.089167	4.842673	-0.017856	4.842705
0.089333	4.842633	-0.017856	4.842666
0.089500	4.842594	-0.017855	4.842627
0.089667	4.842555	-0.017855	4.842588
0.089833	4.842516	-0.017855	4.842549
0.090000	4.842477	-0.017854	4.842510
0.090167	4.842438	-0.017854	4.842471
0.090333	4.842399	-0.017854	4.842431
0.090500	4.842359	-0.017854	4.842392
0.090667	4.842320	-0.017853	4.842353
0.090833	4.842281	-0.017853	4.842314
0.091000	4.842242	-0.017853	4.842275
0.091167	4.842203	-0.017853	4.842236
0.091333	4.842164	-0.017852	4.842197
0.091500	4.842125	-0.017852	4.842158
0.091667	4.842085	-0.017852	4.842118
0.091833	4.842046	-0.017852	4.842079
0.092000	4.842007	-0.017851	4.842040
0.092167	4.841968	-0.017851	4.842001
0.092333	4.841929	-0.017851	4.841962
0.092500	4.841890	-0.017851	4.841923
0.092667	4.841851	-0.017850	4.841884
0.092833	4.841812	-0.017850	4.841844
0.093000	4.841772	-0.017850	4.841805
0.093167	4.841733	-0.017850	4.841766
0.093333	4.841694	-0.017849	4.841727
0.093500	4.841655	-0.017849	4.841688
0.093667	4.841616	-0.017849	4.841649
0.093833	4.841577	-0.017849	4.841610
0.094000	4.841538	-0.017848	4.841571
0.094167	4.841499	-0.017848	4.841531
0.094333	4.841459	-0.017848	4.841492
0.094500	4.841420	-0.017848	4.841453
0.094667	4.841381	-0.017847	4.841414
0.094833	4.841342	-0.017847	4.841375
0.095000	4.841303	-0.017847	4.841336
0.095167	4.841264	-0.017846	4.841297
0.095333	4.841225	-0.017846	4.841258
0.095500	4.841186	-0.017846	4.841218
0.095667	4.841146	-0.017846	4.841179
0.095833	4.841107	-0.017845	4.841140
0.096000	4.841068	-0.017845	4.841101
0.096167	4.841029	-0.017845	4.841062
0.096333	4.840990	-0.017845	4.841023
0.096500	4.840951	-0.017844	4.840984
0.096667	4.840912	-0.017844	4.840945
0.096833	4.840873	-0.017844	4.840905
0.097000	4.840833	-0.017844	4.840866
0.097167	4.840794	-0.017843	4.840827
0.097333	4.840755	-0.017843	4.840788
0.097500	4.840716	-0.017843	4.840749
0.097667	4.840677	-0.017843	4.840710
0.097833	4.840638	-0.017842	4.840671
0.098000	4.840599	-0.017842	4.840632
0.098167	4.840560	-0.017842	4.840593
0.098333	4.840521	-0.017842	4.840553
0.098500	4.840481	-0.017841	4.840514
0.098667	4.840442	-0.017841	4.840475
0.098833	4.840403	-0.017841	4.840436
0.099000	4.840364	-0.017841	4.840397
0.099167	4.840325	-0.017840	4.840358
0.099333	4.840286	-0.017840	4.840319
0.099500	4.840247	-0.017840	4.840280
0.099667	4.840208	-0.017840	4.840241
0.099833	4.840169	-0.017839	4.840201
0.100000	4.840129	-0.017839	4.840162
0.100167	4.840090	-0.017839	4.840123
0.100333	4.840051	-0.017838	4.840084
0.100500	4.840012	-0.017838	4.840045
0.100667	4.839973	-0.017838	4.840006
0.100833	4.839934	-0.017838	4.839967
0.101000	4.839895	-0.017837	4.839928
0.101167	4.839856	-0.017837	4.839889
0.101333	4.839817	-0.017837	4.839849
0.101500	4.839778	-0.017837	4.839810
0.101667	4.839738	-0.017836	4.839771
0.101833	4.839699	-0.017836	4.839732
0.102000	4.839660	-0.017836	4.839693
0.102167	4.839621	-0.017836	4.839654
0.102333	4.839582	-0.017835	4.839615
0.102500	4.839543	-0.017835	4.839576
0.102667	4.839504	-0.017835	4.839537
0.102833	4.839465	-0.017835	4.839498
0.103000	4.839426	-0.017834	4.839458
0.103167	4.839386	-0.017834	4.839419
0.103333	4.839347	-0.017834	4.839380
0.103500	4.839308	-0.017834	4.839341
0.103667	4.839269	-0.017833	4.839302
0.103833	4.839230	-0.017833	4.839263
0.104000	4.839191	-0.017833	4.839224
0.104167	4.839152	-0.017833	4.839185
0.104333	4.839113	-0.017832	4.839146
0.104500	4.839074	-0.017832	4.839107
0.104667	4.839035	-0.017832	4.839067
0.104833	4.838996	-0.017832	4.839028
0.105000	4.838956	-0.017831	4.838989
0.105167	4.838917	-0.017831	4.838950
0.105333	4.838878	-0.017831	4.838911
0.105500	4.838839	-0.017830	4.838872
0.105667	4.838800	-0.017830	4.838833
0.105833	4.838761	-0.017830	4.838794
0.106000	4.838722	-0.017830	4.838755
0.106167	4.838683	-0.017829	4.838716
0.106333	4.838644	-0.017829	4.838677
0.106500	4.838605	-0.017829	4.838637
0.106667	4.838566	-0.017829	4.838598
0.106833	4.838526	-0.017828	4.838559
0.107000	4.838487	-0.017828	4.838520
0.107167	4.838448	-0.017828	4.838481
0.107333	4.838409	-0.017828	4.838442
0.107500	4.838370	-0.017827	4.838403
0.107667	4.838331	-0.017827	4.838364
0.107833	4.838292	-0.017827	4.838325
0.108000	4.838253	-0.017827	4.838286
0.108167	4.838214	-0.017826	4.838247
0.108333	4.838175	-0.017826	4.838208
0.108500	4.838136	-0.017826	4.838168
0.108667	4.838097	-0.017826	4.838129
0.108833	4.838057	-0.017825	4.838090
0.109000	4.838018	-0.017825	4.838051
0.109167	4.837979	-0.017825	4.838012
0.109333	4.837940	-0.017825	4.837973
0.109500	4.837901	-0.017824	4.837934
0.109667	4.837862	-0.017824	4.837895
0.109833	4.837823	-0.017824	4.837856
0.110000	4.837784	-0.017824	4.837817
0.110167	4.837745	-0.017823	4.837778
0.110333	4.837706	-0.017823	4.837739
0.110500	4.837667	-0.017823	4.837699
0.110667	4.837628	-0.017823	4.837660
0.110833	4.837589	-0.017822	4.837621
0.111000	4.837549	-0.017822	4.837582
0.111167	4.837510	-0.017822	4.837543
0.111333	4.837471	-0.017821	4.837504
0.111500	4.837432	-0.017821	4.837465
0.111667	4.837393	-0.017821	4.837426
0.111833	4.837354	-0.017821	4.837387
0.112000	4.837315	-0.017820	4.837348
0.112167	4.837276	-0.017820	4.837309
0.112333	4.837237	-0.017820	4.837270
0.112500	4.837198	-0.017820	4.837231
0.112667	4.837159	-0.017819	4.837192
0.112833	4.837120	-0.017819	4.837152
0.113000	4.837081	-0.017819	4.837113
0.113167	4.837042	-0.017819	4.837074
0.113333	4.837002	-0.017818	4.837035
0.113500	4.836963	-0.017818	4.836996
0.113667	4.836924	-0.017818	4.836957
0.113833	4.836885	-0.017818	4.836918
0.114000	4.836846	-0.017817	4.836879
0.114167	4.836807	-0.017817	4.836840
0.114333	4.836768	-0.017817	4.836801
0.114500	4.836729	-0.017817	4.836762
0.114667	4.836690	-0.017816	4.836723
0.114833	4.836651	-0.017816	4.836684
0.115000	4.836612	-0.017816	4.836645
0.115167	4.836573	-0.017816	4.836606
0.115333	4.836534	-0.017815	4.836566
0.115500	4.836495	-0.017815	4.836527
0.115667	4.836456	-0.017815	4.836488
0.115833	4.836416	-0.017815	4.836449
0.116000	4.836377	-0.017814	4.836410
0.116167	4.836338	-0.017814	4.836371
0.116333	4.836299	-0.017814	4.836332
0.116500	4.836260	-0.017814	4.836293
0.116667	4.836221	-0.017813	4.836254
0.116833	4.836182	-0.017813	4.836215
0.117000	4.836143	-0.017813	4.836176
0.117167	4.836104	-0.017812	4.836137
0.117333	4.836065	-0.017812	4.836098
0.117500	4.836026	-0.017812	4.836059
0.117667	4.835987	-0.017812	4.836020
0.117833	4.835948	-0.017811	4.835981
0.118000	4.835909	-0.017811	4.835942
0.118167	4.835870	-0.017811	4.835902
0.118333	4.835831	-0.017811	4.835863
0.118500	4.835792	-0.017810	4.835824
0.118667	4.835753	-0.017810	4.835785
0.118833	4.835713	-0.017810	4.835746
0.119000	4.835674	-0.017810	4.835707
0.119167	4.835635	-0.017809	4.835668
0.119333	4.835596	-0.017809	4.835629
0.119500	4.835557	-0.017809	4.835590
0.119667	4.835518	-0.017809	4.835551
0.119833	4.835479	-0.017808	4.835512
0.120000	4.835440	-0.017808	4.835473
0.120167	4.835401	-0.017808	4.835434
0.120333	4.835362	-0.017808	4.835395
0.120500	4.835323	-0.017807	4.835356
0.120667	4.835284	-0.017807	4.835317
0.120833	4.835245	-0.017807	4.835278
0.121000	4.835206	-0.017807	4.835239
0.121167	4.835167	-0.017806	4.835200
0.121333	4.835128	-0.017806	4.835161
0.121500	4.835089	-0.017806	4.835122
0.121667	4.835050	-0.017806	4.835082
0.121833	4.835011	-0.017805	4.835043
0.122000	4.834972	-0.017805	4.835004
0.122167	4.834933	-0.017805	4.834965
0.122333	4.834894	-0.017805	4.834926
0.122500	4.834854	-0.017804	4.834887
0.122667	4.834815	-0.017804	4.834848
0.122833	4.834776	-0.017804	4.834809
0.123000	4.834737	-0.017803	4.834770
0.123167	4.834698	-0.017803	4.834731
0.123333	4.834659	-0.017803	4.834692
0.123500	4.834620	-0.017803	4.834653
0.123667	4.834581	-0.017802	4.834614
0.123833	4.834542	-0.017802	4.834575
0.124000	4.834503	-0.017802	4.834536
0.124167	4.834464	-0.017802	4.834497
0.124333	4.834425	-0.017801	4.834458
0.124500	4.834386	-0.017801	4.834419
0.124667	4.834347	-0.017801	4.834380
0.124833	4.834308	-0.017801	4.834341
0.125000	4.834269	-0.017800	4.834302
0.125167	4.834230	-0.017800	4.834263
0.125333	4.834191	-0.017800	4.834224
0.125500	4.834152	-0.017800	4.834185
0.125667	4.834113	-0.017799	4.834146
0.125833	4.834074	-0.017799	4.834107
0.126000	4.834035	-0.017799	4.834068
0.126167	4.833996	-0.017799	4.834028
0.126333	4.833957	-0.017798	4.833989
0.126500	4.833918	-0.017798	4.833950
0.126667	4.833879	-0.017798	4.833911
0.126833	4.833840	-0.017798	4.833872
0.127000	4.833801	-0.017797	4.833833
0.127167	4.833762	-0.017797	4.833794
0.127333	4.833723	-0.017797	4.833755
0.127500	4.833684	-0.017797	4.833716
0.127667	4.833644	-0.017796	4.833677
0.127833	4.833605	-0.017796	4.833638
0.128000	4.833566	-0.017796	4.833599
0.128167	4.833527	-0.017796	4.833560
0.128333	4.833488	-0.017795	4.833521
0.128500	4.833449	-0.017795	4.833482
0.128667	4.833410	-0.017795	4.833443
0.128833	4.833371	-0.017794	4.833404
0.129000	4.833332	-0.017794	4.833365
0.129167	4.833293	-0.017794	4.833326
0.129333	4.833254	-0.017794	4.833287
0.129500	4.833215	-0.017793	4.833248
0.129667	4.833176	-0.017793	4.833209
0.129833	4.833137	-0.017793	4.833170
0.130000	4.833098	-0.017793	4.833131
0.130167	4.833059	-0.017792	4.833092
0.130333	4.833020	-0.017792	4.833053
0.130500	4.832981	-0.017792	4.833014
0.130667	4.832942	-0.017792	4.832975
0.130833	4.832903	-0.017791	4.832936
0.131000	4.832864	-0.017791	4.832897
0.131167	4.832825	-0.017791	4.832858
0.131333	4.832786	-0.017791	4.832819
0.131500	4.832747	-0.017790	4.832780
0.131667	4.832708	-0.017790	4.832741
0.131833	4.832669	-0.017790	4.832702
0.132000	4.832630	-0.017790	4.832663
0.132167	4.832591	-0.017789	4.832624
0.132333	4.832552	-0.017789	4.832585
0.132500	4.832513	-0.017789	4.832546
0.132667	4.832474	-0.017789	4.832507
0.132833	4.832435	-0.017788	4.832468
0.133000	4.832396	-0.017788	4.832429
0.133167	4.832357	-0.017788	4.832390
0.133333	4.832318	-0.017788	4.832351
0.133500	4.832279	-0.017787	4.832312
0.133667	4.832240	-0.017787	4.832273
0.133833	4.832201	-0.017787	4.832234
0.134000	4.832162	-0.017787	4.832195
0.134167	4.832123	-0.017786	4.832156
0.134333	4.832084	-0.017786	4.832117
0.134500	4.832045	-0.017786	4.832078
0.134667	4.832006	-0.017786	4.832039
0.134833	4.831967	-0.017785	4.832000
0.135000	4.831928	-0.017785	4.831961
0.135167	4.831889	-0.017785	4.831922
0.135333	4.831850	-0.017784	4.831883
0.135500	4.831811	-0.017784	4.831844
0.135667	4.831772	-0.017784	4.831805
0.135833	4.831733	-0.017784	4.831766
0.136000	4.831694	-0.017783	4.831727
0.136167	4.831655	-0.017783	4.831688
0.136333	4.831616	-0.017783	4.831649
0.136500	4.831577	-0.017783	4.831610
0.136667	4.831538	-0.017782	4.831571
0.136833	4.831499	-0.017782	4.831532
0.137000	4.831460	-0.017782	4.831493
0.137167	4.831421	-0.017782	4.831454
0.137333	4.831382	-0.017781	4.831415
0.137500	4.831343	-0.017781	4.831376
0.137667	4.831304	-0.017781	4.831337
0.137833	4.831265	-0.017781	4.831298
0.138000	4.831226	-0.017780	4.831259
0.138167	4.831187	-0.017780	4.831220
0.138333	4.831148	-0.017780	4.831181
0.138500	4.831109	-0.017780	4.831142
0.138667	4.831070	-0.017779	4.831103
0.138833	4.831031	-0.017779	4.831064
0.139000	4.830992	-0.017779	4.831025
0.139167	4.830953	-0.017779	4.830986
0.139333	4.830914	-0.017778	4.830947
0.139500	4.830875	-0.017778	4.830908
0.139667	4.830836	-0.017778	4.830869
0.139833	4.830797	-0.017778	4.830830
0.140000	4.830758	-0.017777	4.830791
0.140167	4.830719	-0.017777	4.830752
0.140333	4.830680	-0.017777	4.830713
0.140500	4.830641	-0.017777	4.830674
0.140667	4.830602	-0.017776	4.830635
0.140833	4.830563	-0.017776	4.830596
0.141000	4.830524	-0.017776	4.830557
0.141167	4.830485	-0.017776	4.830518
0.141333	4.830446	-0.017775	4.830479
0.141500	4.830407	-0.017775	4.830440
0.141667	4.830368	-0.017775	4.830401
0.141833	4.830329	-0.017775	4.830362
0.142000	4.830290	-0.017774	4.830323
0.142167	4.830251	-0.017774	4.830284
0.142333	4.830212	-0.017774	4.830245
0.142500	4.830173	-0.017773	4.830206
0.142667	4.830134	-0.017773	4.830167
0.142833	4.830095	-0.017773	4.830128
0.143000	4.830056	-0.017773	4.830089
0.143167	4.830017	-0.017772	4.830050
0.143333	4.829978	-0.017772	4.830011
0.143500	4.829939	-0.017772	4.829972
0.143667	4.829900	-0.017772	4.829933
0.143833	4.829862	-0.017771	4.829894
0.144000	4.829823	-0.017771	4.829855
0.144167	4.829784	-0.017771	4.829816
0.144333	4.829745	-0.017771	4.829777
0.144500	4.829706	-0.017770	4.829738
0.144667	4.829667	-0.017770	4.829699
0.144833	4.829628	-0.017770	4.829660
0.145000	4.829589	-0.017770	4.829621
0.145167	4.829550	-0.017769	4.829582
0.145333	4.829511	-0.017769	4.829543
0.145500	4.829472	-0.017769	4.829504
0.145667	4.829433	-0.017769	4.829465
0.145833	4.829394	-0.017768	4.829427
0.146000	4.829355	-0.017768	4.829388
0.146167	4.829316	-0.017768	4.829349
0.146333	4.829277	-0.017768	4.829310
0.146500	4.829238	-0.017767	4.829271
0.146667	4.829199	-0.017767	4.829232
0.146833	4.829160	-0.017767	4.829193
0.147000	4.829121	-0.017767	4.829154
0.147167	4.829082	-0.017766	4.829115
0.147333	4.829043	-0.017766	4.829076
0.147500	4.829004	-0.017766	4.829037
0.147667	4.828965	-0.017766	4.828998
0.147833	4.828926	-0.017765	4.828959
0.148000	4.828887	-0.017765	4.828920
0.148167	4.828848	-0.017765	4.828881
0.148333	4.828809	-0.017765	4.828842
0.148500	4.828770	-0.017764	4.828803
0.148667	4.828731	-0.017764	4.828764
0.148833	4.828692	-0.017764	4.828725
0.149000	4.828653	-0.017764	4.828686
0.149167	4.828615	-0.017763	4.828647
0.149333	4.828576	-0.017763	4.828608
0.149500	4.828537	-0.017763	4.828569
0.149667	4.828498	-0.017762	4.828530
0.149833	4.828459	-0.017762	4.828491
0.150000	4.828420	-0.017762	4.828452
0.150167	4.828381	-0.017762	4.828413
0.150333	4.828342	-0.017761	4.828375
0.150500	4.828303	-0.017761	4.828336
0.150667	4.828264	-0.017761	4.828297
0.150833	4.828225	-0.017761	4.828258
0.151000	4.828186	-0.017760	4.828219
0.151167	4.828147	-0.017760	4.828180
0.151333	4.828108	-0.017760	4.828141
0.151500	4.828069	-0.017760	4.828102
0.151667	4.828030	-0.017759	4.828063
0.151833	4.827991	-0.017759	4.828024
0.152000	4.827952	-0.017759	4.827985
0.152167	4.827913	-0.017759	4.827946
0.152333	4.827874	-0.017758	4.827907
0.152500	4.827835	-0.017758	4.827868
0.152667	4.827796	-0.017758	4.827829
0.152833	4.827758	-0.017758	4.827790
0.153000	4.827719	-0.017757	4.827751
0.153167	4.827680	-0.017757	4.827712
0.153333	4.827641	-0.017757	4.827673
0.153500	4.827602	-0.017757	4.827634
0.153667	4.827563	-0.017756	4.827595
0.153833	4.827524	-0.017756	4.827557
0.154000	4.827485	-0.017756	4.827518
0.154167	4.827446	-0.017756	4.827479
0.154333	4.827407	-0.017755	4.827440
0.154500	4.827368	-0.017755	4.827401
0.154667	4.827329	-0.017755	4.827362
0.154833	4.827290	-0.017755	4.827323
0.155000	4.827251	-0.017754	4.827284
0.155167	4.827212	-0.017754	4.827245
0.155333	4.827173	-0.017754	4.827206
0.155500	4.827134	-0.017754	4.827167
0.155667	4.827095	-0.017753	4.827128
0.155833	4.827057	-0.017753	4.827089
0.156000	4.827018	-0.017753	4.827050
0.156167	4.826979	-0.017753	4.827011
0.156333	4.826940	-0.017752	4.826972
0.156500	4.826901	-0.017752	4.826933
0.156667	4.826862	-0.017752	4.826895
0.156833	4.826823	-0.017752	4.826856
0.157000	4.826784	-0.017751	4.826817
0.157167	4.826745	-0.017751	4.826778
0.157333	4.826706	-0.017751	4.826739
0.157500	4.826667	-0.017750	4.826700
0.157667	4.826628	-0.017750	4.826661
0.157833	4.826589	-0.017750	4.826622
0.158000	4.826550	-0.017750	4.826583
0.158167	4.826511	-0.017749	4.826544
0.158333	4.826473	-0.017749	4.826505
0.158500	4.826434	-0.017749	4.826466
0.158667	4.826395	-0.017749	4.826427
0.158833	4.826356	-0.017748	4.826388
0.159000	4.826317	-0.017748	4.826349
0.159167	4.826278	-0.017748	4.826310
0.159333	4.826239	-0.017748	4.826272
0.159500	4.826200	-0.017747	4.826233
0.159667	4.826161	-0.017747	4.826194
0.159833	4.826122	-0.017747	4.826155
0.160000	4.826083	-0.017747	4.826116
0.160167	4.826044	-0.017746	4.826077
0.160333	4.826005	-0.017746	4.826038
0.160500	4.825966	-0.017746	4.825999
0.160667	4.825928	-0.017746	4.825960
0.160833	4.825889	-0.017745	4.825921
0.161000	4.825850	-0.017745	4.825882
0.161167	4.825811	-0.017745	4.825843
0.161333	4.825772	-0.017745	4.825804
0.161500	4.825733	-0.017744	4.825766
0.161667	4.825694	-0.017744	4.825727
0.161833	4.825655	-0.017744	4.825688
0.162000	4.825616	-0.017744	4.825649
0.162167	4.825577	-0.017743	4.825610
0.162333	4.825538	-0.017743	4.825571
0.162500	4.825499	-0.017743	4.825532
0.162667	4.825460	-0.017743	4.825493
0.162833	4.825422	-0.017742	4.825454
0.163000	4.825383	-0.017742	4.825415
0.163167	4.825344	-0.017742	4.825376
0.163333	4.825305	-0.017742	4.825337
0.163500	4.825266	-0.017741	4.825298
0.163667	4.825227	-0.017741	4.825260
0.163833	4.825188	-0.017741	4.825221
0.164000	4.825149	-0.017741	4.825182
0.164167	4.825110	-0.017740	4.825143
0.164333	4.825071	-0.017740	4.825104
0.164500	4.825032	-0.017740	4.825065
0.164667	4.824993	-0.017740	4.825026
0.164833	4.824955	-0.017739	4.824987
0.165000	4.824916	-0.017739	4.824948
0.165167	4.824877	-0.017739	4.824909
0.165333	4.824838	-0.017738	4.824870
0.165500	4.824799	-0.017738	4.824832
0.165667	4.824760	-0.017738	4.824793
0.165833	4.824721	-0.017738	4.824754
0.166000	4.824682	-0.017737	4.824715
0.166167	4.824643	-0.017737	4.824676
0.166333	4.824604	-0.017737	4.824637
0.166500	4.824565	-0.017737	4.824598
0.166667	4.824527	-0.017736	4.824559
0.166833	4.824488	-0.017736	4.824520
0.167000	4.824449	-0.017736	4.824481
0.167167	4.824410	-0.017736	4.824442
0.167333	4.824371	-0.017735	4.824404
0.167500	4.824332	-0.017735	4.824365
0.167667	4.824293	-0.017735	4.824326
0.167833	4.824254	-0.017735	4.824287
0.168000	4.824215	-0.017734	4.824248
0.168167	4.824176	-0.017734	4.824209
0.168333	4.824137	-0.017734	4.824170
0.168500	4.824099	-0.017734	4.824131
0.168667	4.824060	-0.017733	4.824092
0.168833	4.824021	-0.017733	4.824053
0.169000	4.823982	-0.017733	4.824014
0.169167	4.823943	-0.017733	4.823976
0.169333	4.823904	-0.017732	4.823937
0.169500	4.823865	-0.017732	4.823898
0.169667	4.823826	-0.017732	4.823859
0.169833	4.823787	-0.017732	4.823820
0.170000	4.823748	-0.017731	4.823781
0.170167	4.823710	-0.017731	4.823742
0.170333	4.823671	-0.017731	4.823703
0.170500	4.823632	-0.017731	4.823664
0.170667	4.823593	-0.017730	4.823625
0.170833	4.823554	-0.017730	4.823587
0.171000	4.823515	-0.017730	4.823548
0.171167	4.823476	-0.017730	4.823509
0.171333	4.823437	-0.017729	4.823470
0.171500	4.823398	-0.017729	4.823431
0.171667	4.823360	-0.017729	4.823392
0.171833	4.823321	-0.017729	4.823353
0.172000	4.823282	-0.017728	4.823314
0.172167	4.823243	-0.017728	4.823275
0.172333	4.823204	-0.017728	4.823237
0.172500	4.823165	-0.017728	4.823198
0.172667	4.823126	-0.017727	4.823159
0.172833	4.823087	-0.017727	4.823120
0.173000	4.823048	-0.017727	4.823081
0.173167	4.823010	-0.017727	4.823042
0.173333	4.822971	-0.017726	4.823003
0.173500	4.822932	-0.017726	4.822964
0.173667	4.822893	-0.017726	4.822925
0.173833	4.822854	-0.017726	4.822887
0.174000	4.822815	-0.017725	4.822848
0.174167	4.822776	-0.017725	4.822809
0.174333	4.822737	-0.017725	4.822770
0.174500	4.822698	-0.017724	4.822731
0.174667	4.822660	-0.017724	4.822692
0.174833	4.822621	-0.017724	4.822653
0.175000	4.822582	-0.017724	4.822614
0.175167	4.822543	-0.017723	4.822575
0.175333	4.822504	-0.017723	4.822537
0.175500	4.822465	-0.017723	4.822498
0.175667	4.822426	-0.017723	4.822459
0.175833	4.822387	-0.017722	4.822420
0.176000	4.822349	-0.017722	4.822381
0.176167	4.822310	-0.017722	4.822342
0.176333	4.822271	-0.017722	4.822303
0.176500	4.822232	-0.017721	4.822264
0.176667	4.822193	-0.017721	4.822226
0.176833	4.822154	-0.017721	4.822187
0.177000	4.822115	-0.017721	4.822148
0.177167	4.822076	-0.017720	4.822109
0.177333	4.822037	-0.017720	4.822070
0.177500	4.821999	-0.017720	4.822031
0.177667	4.821960	-0.017720	4.821992
0.177833	4.821921	-0.017719	4.821953
0.178000	4.821882	-0.017719	4.821915
0.178167	4.821843	-0.017719	4.821876
0.178333	4.821804	-0.017719	4.821837
0.178500	4.821765	-0.017718	4.821798
0.178667	4.821727	-0.017718	4.821759
0.178833	4.821688	-0.017718	4.821720
0.179000	4.821649	-0.017718	4.821681
0.179167	4.821610	-0.017717	4.821642
0.179333	4.821571	-0.017717	4.821604
0.179500	4.821532	-0.017717	4.821565
0.179667	4.821493	-0.017717	4.821526
0.179833	4.821454	-0.017716	4.821487
0.180000	4.821416	-0.017716	4.821448
0.180167	4.821377	-0.017716	4.821409
0.180333	4.821338	-0.017716	4.821370
0.180500	4.821299	-0.017715	4.821332
0.180667	4.821260	-0.017715	4.821293
0.180833	4.821221	-0.017715	4.821254
0.181000	4.821182	-0.017715	4.821215
0.181167	4.821143	-0.017714	4.821176
0.181333	4.821105	-0.017714	4.821137
0.181500	4.821066	-0.017714	4.821098
0.181667	4.821027	-0.017714	4.821059
0.181833	4.820988	-0.017713	4.821021
0.182000	4.820949	-0.017713	4.820982
0.182167	4.820910	-0.017713	4.820943
0.182333	4.820871	-0.017713	4.820904
0.182500	4.820833	-0.017712	4.820865
0.182667	4.820794	-0.017712	4.820826
0.182833	4.820755	-0.017712	4.820787
0.183000	4.820716	-0.017712	4.820749
0.183167	4.820677	-0.017711	4.820710
0.183333	4.820638	-0.017711	4.820671
0.183500	4.820599	-0.017711	4.820632
0.183667	4.820561	-0.017710	4.820593
0.183833	4.820522	-0.017710	4.820554
0.184000	4.820483	-0.017710	4.820515
0.184167	4.820444	-0.017710	4.820477
0.184333	4.820405	-0.017709	4.820438
0.184500	4.820366	-0.017709	4.820399
0.184667	4.820327	-0.017709	4.820360
0.184833	4.820289	-0.017709	4.820321
0.185000	4.820250	-0.017708	4.820282
0.185167	4.820211	-0.017708	4.820243
0.185333	4.820172	-0.017708	4.820205
0.185500	4.820133	-0.017708	4.820166
0.185667	4.820094	-0.017707	4.820127
0.185833	4.820056	-0.017707	4.820088
0.186000	4.820017	-0.017707	4.820049
0.186167	4.819978	-0.017707	4.820010
0.186333	4.819939	-0.017706	4.819971
0.186500	4.819900	-0.017706	4.819933
0.186667	4.819861	-0.017706	4.819894
0.186833	4.819822	-0.017706	4.819855
0.187000	4.819784	-0.017705	4.819816
0.187167	4.819745	-0.017705	4.819777
0.187333	4.819706	-0.017705	4.819738
0.187500	4.819667	-0.017705	4.819700
0.187667	4.819628	-0.017704	4.819661
0.187833	4.819589	-0.017704	4.819622
0.188000	4.819550	-0.017704	4.819583
0.188167	4.819512	-0.017704	4.819544
0.188333	4.819473	-0.017703	4.819505
0.188500	4.819434	-0.017703	4.819466
0.188667	4.819395	-0.017703	4.819428
0.188833	4.819356	-0.017703	4.819389
0.189000	4.819317	-0.017702	4.819350
0.189167	4.819279	-0.017702	4.819311
0.189333	4.819240	-0.017702	4.819272
0.189500	4.819201	-0.017702	4.819233
0.189667	4.819162	-0.017701	4.819195
0.189833	4.819123	-0.017701	4.819156
0.190000	4.819084	-0.017701	4.819117
0.190167	4.819046	-0.017701	4.819078
0.190333	4.819007	-0.017700	4.819039
0.190500	4.818968	-0.017700	4.819000
0.190667	4.818929	-0.017700	4.818962
0.190833	4.818890	-0.017700	4.818923
0.191000	4.818851	-0.017699	4.818884
0.191167	4.818813	-0.017699	4.818845
0.191333	4.818774	-0.017699	4.818806
0.191500	4.818735	-0.017699	4.818767
0.191667	4.818696	-0.017698	4.818729
0.191833	4.818657	-0.017698	4.818690
0.192000	4.818618	-0.017698	4.818651
0.192167	4.818580	-0.017698	4.818612
0.192333	4.818541	-0.017697	4.818573
0.192500	4.818502	-0.017697	4.818534
0.192667	4.818463	-0.017697	4.818496
0.192833	4.818424	-0.017697	4.818457
0.193000	4.818385	-0.017696	4.818418
0.193167	4.818347	-0.017696	4.818379
0.193333	4.818308	-0.017696	4.818340
0.193500	4.818269	-0.017696	4.818301
0.193667	4.818230	-0.017695	4.818263
0.193833	4.818191	-0.017695	4.818224
0.194000	4.818152	-0.017695	4.818185
0.194167	4.818114	-0.017695	4.818146
0.194333	4.818075	-0.017694	4.818107
0.194500	4.818036	-0.017694	4.818068
0.194667	4.817997	-0.017694	4.818030
0.194833	4.817958	-0.017693	4.817991
0.195000	4.817920	-0.017693	4.817952
0.195167	4.817881	-0.017693	4.817913
0.195333	4.817842	-0.017693	4.817874
0.195500	4.817803	-0.017692	4.817836
0.195667	4.817764	-0.017692	4.817797
0.195833	4.817725	-0.017692	4.817758
0.196000	4.817687	-0.017692	4.817719
0.196167	4.817648	-0.017691	4.817680
0.196333	4.817609	-0.017691	4.817641
0.196500	4.817570	-0.017691	4.817603
0.196667	4.817531	-0.017691	4.817564
0.196833	4.817492	-0.017690	4.817525
0.197000	4.817454	-0.017690	4.817486
0.197167	4.817415	-0.017690	4.817447
0.197333	4.817376	-0.017690	4.817409
0.197500	4.817337	-0.017689	4.817370
0.197667	4.817298	-0.017689	4.817331
0.197833	4.817260	-0.017689	4.817292
0.198000	4.817221	-0.017689	4.817253
0.198167	4.817182	-0.017688	4.817214
0.198333	4.817143	-0.017688	4.817176
0.198500	4.817104	-0.017688	4.817137
0.198667	4.817066	-0.017688	4.817098
0.198833	4.817027	-0.017687	4.817059
0.199000	4.816988	-0.017687	4.817020
0.199167	4.816949	-0.017687	4.816982
0.199333	4.816910	-0.017687	4.816943
0.199500	4.816871	-0.017686	4.816904
0.199667	4.816833	-0.017686	4.816865
0.199833	4.816794	-0.017686	4.816826
0.200000	4.816755	-0.017686	4.816788
0.200167	4.816716	-0.017685	4.816749
0.200333	4.816677	-0.017685	4.816710
0.200500	4.816639	-0.017685	4.816671
0.200667	4.816600	-0.017685	4.816632
0.200833	4.816561	-0.017684	4.816593
0.201000	4.816522	-0.017684	4.816555
0.201167	4.816483	-0.017684	4.816516
0.201333	4.816445	-0.017684	4.816477
0.201500	4.816406	-0.017683	4.816438
0.201667	4.816367	-0.017683	4.816399
0.201833	4.816328	-0.017683	4.816361
0.202000	4.816289	-0.017683	4.816322
0.202167	4.816251	-0.017682	4.816283
0.202333	4.816212	-0.017682	4.816244
0.202500	4.816173	-0.017682	4.816205
0.202667	4.816134	-0.017682	4.816167
0.202833	4.816095	-0.017681	4.816128
0.203000	4.816057	-0.017681	4.816089
0.203167	4.816018	-0.017681	4.816050
0.203333	4.815979	-0.017681	4.816011
0.203500	4.815940	-0.017680	4.815973
0.203667	4.815901	-0.017680	4.815934
0.203833	4.815863	-0.017680	4.815895
0.204000	4.815824	-0.017680	4.815856
0.204167	4.815785	-0.017679	4.815817
0.204333	4.815746	-0.017679	4.815779
0.204500	4.815707	-0.017679	4.815740
0.204667	4.815669	-0.017679	4.815701
0.204833	4.815630	-0.017678	4.815662
0.205000	4.815591	-0.017678	4.815623
0.205167	4.815552	-0.017678	4.815585
0.205333	4.815513	-0.017678	4.815546
0.205500	4.815475	-0.017677	4.815507
0.205667	4.815436	-0.017677	4.815468
0.205833	4.815397	-0.017677	4.815430
0.206000	4.815358	-0.017677	4.815391
0.206167	4.815320	-0.017676	4.815352
0.206333	4.815281	-0.017676	4.815313
0.206500	4.815242	-0.017676	4.815274
0.206667	4.815203	-0.017676	4.815236
0.206833	4.815164	-0.017675	4.815197
0.207000	4.815126	-0.017675	4.815158
0.207167	4.815087	-0.017675	4.815119
0.207333	4.815048	-0.017674	4.815080
0.207500	4.815009	-0.017674	4.815042
0.207667	4.814970	-0.017674	4.815003
0.207833	4.814932	-0.017674	4.814964
0.208000	4.814893	-0.017673	4.814925
0.208167	4.814854	-0.017673	4.814887
0.208333	4.814815	-0.017673	4.814848
0.208500	4.814777	-0.017673	4.814809
0.208667	4.814738	-0.017672	4.814770
0.208833	4.814699	-0.017672	4.814731
0.209000	4.814660	-0.017672	4.814693
0.209167	4.814621	-0.017672	4.814654
0.209333	4.814583	-0.017671	4.814615
0.209500	4.814544	-0.017671	4.814576
0.209667	4.814505	-0.017671	4.814537
0.209833	4.814466	-0.017671	4.814499
0.210000	4.814427	-0.017670	4.814460
0.210167	4.814389	-0.017670	4.814421
0.210333	4.814350	-0.017670	4.814382
0.210500	4.814311	-0.017670	4.814344
0.210667	4.814272	-0.017669	4.814305
0.210833	4.814234	-0.017669	4.814266
0.211000	4.814195	-0.017669	4.814227
0.211167	4.814156	-0.017669	4.814188
0.211333	4.814117	-0.017668	4.814150
0.211500	4.814079	-0.017668	4.814111
0.211667	4.814040	-0.017668	4.814072
0.211833	4.814001	-0.017668	4.814033
0.212000	4.813962	-0.017667	4.813995
0.212167	4.813923	-0.017667	4.813956
0.212333	4.813885	-0.017667	4.813917
0.212500	4.813846	-0.017667	4.813878
0.212667	4.813807	-0.017666	4.813840
0.212833	4.813768	-0.017666	4.813801
0.213000	4.813730	-0.017666	4.813762
0.213167	4.813691	-0.017666	4.813723
0.213333	4.813652	-0.017665	4.813684
0.213500	4.813613	-0.017665	4.813646
0.213667	4.813574	-0.017665	4.813607
0.213833	4.813536	-0.017665	4.813568
0.214000	4.813497	-0.017664	4.813529
0.214167	4.813458	-0.017664	4.813491
0.214333	4.813419	-0.017664	4.813452
0.214500	4.813381	-0.017664	4.813413
0.214667	4.813342	-0.017663	4.813374
0.214833	4.813303	-0.017663	4.813336
0.215000	4.813264	-0.017663	4.813297
0.215167	4.813226	-0.017663	4.813258
0.215333	4.813187	-0.017662	4.813219
0.215500	4.813148	-0.017662	4.813180
0.215667	4.813109	-0.017662	4.813142
0.215833	4.813071	-0.017662	4.813103
0.216000	4.813032	-0.017661	4.813064
0.216167	4.812993	-0.017661	4.813025
0.216333	4.812954	-0.017661	4.812987
0.216500	4.812916	-0.017661	4.812948
0.216667	4.812877	-0.017660	4.812909
0.216833	4.812838	-0.017660	4.812870
0.217000	4.812799	-0.017660	4.812832
0.217167	4.812760	-0.017660	4.812793
0.217333	4.812722	-0.017659	4.812754
0.217500	4.812683	-0.017659	4.812715
0.217667	4.812644	-0.017659	4.812677
0.217833	4.812605	-0.017659	4.812638
0.218000	4.812567	-0.017658	4.812599
0.218167	4.812528	-0.017658	4.812560
0.218333	4.812489	-0.017658	4.812522
0.218500	4.812450	-0.017658	4.812483
0.218667	4.812412	-0.017657	4.812444
0.218833	4.812373	-0.017657	4.812405
0.219000	4.812334	-0.017657	4.812367
0.219167	4.812295	-0.017657	4.812328
0.219333	4.812257	-0.017656	4.812289
0.219500	4.812218	-0.017656	4.812250
0.219667	4.812179	-0.017656	4.812212
0.219833	4.812140	-0.017656	4.812173
0.220000	4.812102	-0.017655	4.812134
0.220167	4.812063	-0.017655	4.812095
0.220333	4.812024	-0.017655	4.812057
0.220500	4.811985	-0.017655	4.812018
0.220667	4.811947	-0.017654	4.811979
0.220833	4.811908	-0.017654	4.811940
0.221000	4.811869	-0.017654	4.811902
0.221167	4.811830	-0.017654	4.811863
0.221333	4.811792	-0.017653	4.811824
0.221500	4.811753	-0.017653	4.811785
0.221667	4.811714	-0.017653	4.811747
0.221833	4.811675	-0.017653	4.811708
0.222000	4.811637	-0.017652	4.811669
0.222167	4.811598	-0.017652	4.811630
0.222333	4.811559	-0.017652	4.811592
0.222500	4.811521	-0.017651	4.811553
0.222667	4.811482	-0.017651	4.811514
0.222833	4.811443	-0.017651	4.811475
0.223000	4.811404	-0.017651	4.811437
0.223167	4.811366	-0.017650	4.811398
0.223333	4.811327	-0.017650	4.811359
0.223500	4.811288	-0.017650	4.811320
0.223667	4.811249	-0.017650	4.811282
0.223833	4.811211	-0.017649	4.811243
0.224000	4.811172	-0.017649	4.811204
0.224167	4.811133	-0.017649	4.811166
0.224333	4.811094	-0.017649	4.811127
0.224500	4.811056	-0.017648	4.811088
0.224667	4.811017	-0.017648	4.811049
0.224833	4.810978	-0.017648	4.811011
0.225000	4.810939	-0.017648	4.810972
0.225167	4.810901	-0.017647	4.810933
0.225333	4.810862	-0.017647	4.810894
0.225500	4.810823	-0.017647	4.810856
0.225667	4.810785	-0.017647	4.810817
0.225833	4.810746	-0.017646	4.810778
0.226000	4.810707	-0.017646	4.810739
0.226167	4.810668	-0.017646	4.810701
0.226333	4.810630	-0.017646	4.810662
0.226500	4.810591	-0.017645	4.810623
0.226667	4.810552	-0.017645	4.810585
0.226833	4.810513	-0.017645	4.810546
0.227000	4.810475	-0.017645	4.810507
0.227167	4.810436	-0.017644	4.810468
0.227333	4.810397	-0.017644	4.810430
0.227500	4.810359	-0.017644	4.810391
0.227667	4.810320	-0.017644	4.810352
0.227833	4.810281	-0.017643	4.810313
0.228000	4.810242	-0.017643	4.810275
0.228167	4.810204	-0.017643	4.810236
0.228333	4.810165	-0.017643	4.810197
0.228500	4.810126	-0.017642	4.810159
0.228667	4.810087	-0.017642	4.810120
0.228833	4.810049	-0.017642	4.810081
0.229000	4.810010	-0.017642	4.810042
0.229167	4.809971	-0.017641	4.810004
0.229333	4.809933	-0.017641	4.809965
0.229500	4.809894	-0.017641	4.809926
0.229667	4.809855	-0.017641	4.809887
0.229833	4.809816	-0.017640	4.809849
0.230000	4.809778	-0.017640	4.809810
0.230167	4.809739	-0.017640	4.809771
0.230333	4.809700	-0.017640	4.809733
0.230500	4.809662	-0.017639	4.809694
0.230667	4.809623	-0.017639	4.809655
0.230833	4.809584	-0.017639	4.809616
0.231000	4.809545	-0.017639	4.809578
0.231167	4.809507	-0.017638	4.809539
0.231333	4.809468	-0.017638	4.809500
0.231500	4.809429	-0.017638	4.809462
0.231667	4.809391	-0.017638	4.809423
0.231833	4.809352	-0.017637	4.809384
0.232000	4.809313	-0.017637	4.809345
0.232167	4.809274	-0.017637	4.809307
0.232333	4.809236	-0.017637	4.809268
0.232500	4.809197	-0.017636	4.809229
0.232667	4.809158	-0.017636	4.809191
0.232833	4.809120	-0.017636	4.809152
0.233000	4.809081	-0.017636	4.809113
0.233167	4.809042	-0.017635	4.809074
0.233333	4.809003	-0.017635	4.809036
0.233500	4.808965	-0.017635	4.808997
0.233667	4.808926	-0.017635	4.808958
0.233833	4.808887	-0.017634	4.808920
0.234000	4.808849	-0.017634	4.808881
0.234167	4.808810	-0.017634	4.808842
0.234333	4.808771	-0.017634	4.808803
0.234500	4.808732	-0.017633	4.808765
0.234667	4.808694	-0.017633	4.808726
0.234833	4.808655	-0.017633	4.808687
0.235000	4.808616	-0.017633	4.808649
0.235167	4.808578	-0.017632	4.808610
0.235333	4.808539	-0.017632	4.808571
0.235500	4.808500	-0.017632	4.808533
0.235667	4.808462	-0.017632	4.808494
0.235833	4.808423	-0.017631	4.808455
0.236000	4.808384	-0.017631	4.808416
0.236167	4.808345	-0.017631	4.808378
0.236333	4.808307	-0.017631	4.808339
0.236500	4.808268	-0.017630	4.808300
0.236667	4.808229	-0.017630	4.808262
0.236833	4.808191	-0.017630	4.808223
0.237000	4.808152	-0.017630	4.808184
0.237167	4.808113	-0.017629	4.808146
0.237333	4.808075	-0.017629	4.808107
0.237500	4.808036	-0.017629	4.808068
0.237667	4.807997	-0.017629	4.808029
0.237833	4.807958	-0.017628	4.807991
0.238000	4.807920	-0.017628	4.807952
0.238167	4.807881	-0.017628	4.807913
0.238333	4.807842	-0.017628	4.807875
0.238500	4.807804	-0.017627	4.807836
0.238667	4.807765	-0.017627	4.807797
0.238833	4.807726	-0.017627	4.807759
0.239000	4.807688	-0.017627	4.807720
0.239167	4.807649	-0.017626	4.807681
0.239333	4.807610	-0.017626	4.807643
0.239500	4.807572	-0.017626	4.807604
0.239667	4.807533	-0.017626	4.807565
0.239833	4.807494	-0.017625	4.807526
0.240000	4.807455	-0.017625	4.807488
0.240167	4.807417	-0.017625	4.807449
0.240333	4.807378	-0.017625	4.807410
0.240500	4.807339	-0.017624	4.807372
0.240667	4.807301	-0.017624	4.807333
0.240833	4.807262	-0.017624	4.807294
0.241000	4.807223	-0.017624	4.807256
0.241167	4.807185	-0.017623	4.807217
0.241333	4.807146	-0.017623	4.807178
0.241500	4.807107	-0.017623	4.807140
0.241667	4.807069	-0.017623	4.807101
0.241833	4.807030	-0.017622	4.807062
0.242000	4.806991	-0.017622	4.807024
0.242167	4.806953	-0.017622	4.806985
0.242333	4.806914	-0.017622	4.806946
0.242500	4.806875	-0.017621	4.806907
0.242667	4.806836	-0.017621	4.806869
0.242833	4.806798	-0.017621	4.806830
0.243000	4.806759	-0.017621	4.806791
0.243167	4.806720	-0.017620	4.806753
0.243333	4.806682	-0.017620	4.806714
0.243500	4.806643	-0.017620	4.806675
0.243667	4.806604	-0.017619	4.806637
0.243833	4.806566	-0.017619	4.806598
0.244000	4.806527	-0.017619	4.806559
0.244167	4.806488	-0.017619	4.806521
0.244333	4.806450	-0.017618	4.806482
0.244500	4.806411	-0.017618	4.806443
0.244667	4.806372	-0.017618	4.806405
0.244833	4.806334	-0.017618	4.806366
0.245000	4.806295	-0.017617	4.806327
0.245167	4.806256	-0.017617	4.806289
0.245333	4.806218	-0.017617	4.806250
0.245500	4.806179	-0.017617	4.806211
0.245667	4.806140	-0.017616	4.806173
0.245833	4.806102	-0.017616	4.806134
0.246000	4.806063	-0.017616	4.806095
0.246167	4.806024	-0.017616	4.806057
0.246333	4.805986	-0.017615	4.806018
0.246500	4.805947	-0.017615	4.805979
0.246667	4.805908	-0.017615	4.805941
0.246833	4.805870	-0.017615	4.805902
0.247000	4.805831	-0.017614	4.805863
0.247167	4.805792	-0.017614	4.805825
0.247333	4.805754	-0.017614	4.805786
0.247500	4.805715	-0.017614	4.805747
0.247667	4.805676	-0.017613	4.805709
0.247833	4.805638	-0.017613	4.805670
0.248000	4.805599	-0.017613	4.805631
0.248167	4.805560	-0.017613	4.805593
0.248333	4.805522	-0.017612	4.805554
0.248500	4.805483	-0.017612	4.805515
0.248667	4.805444	-0.017612	4.805477
0.248833	4.805406	-0.017612	4.805438
0.249000	4.805367	-0.017611	4.805399
0.249167	4.805328	-0.017611	4.805361
0.249333	4.805290	-0.017611	4.805322
0.249500	4.805251	-0.017611	4.805283
0.249667	4.805212	-0.017610	4.805245
0.249833	4.805174	-0.017610	4.805206
0.250000	4.805135	-0.017610	4.805167
0.250167	4.805096	-0.017610	4.805129
0.250333	4.805058	-0.017609	4.805090
0.250500	4.805019	-0.017609	4.805051
0.250667	4.804980	-0.017609	4.805013
0.250833	4.804942	-0.017609	4.804974
0.251000	4.804903	-0.017608	4.804935
0.251167	4.804864	-0.017608	4.804897
0.251333	4.804826	-0.017608	4.804858
0.251500	4.804787	-0.017608	4.804819
0.251667	4.804748	-0.017607	4.804781
0.251833	4.804710	-0.017607	4.804742
0.252000	4.804671	-0.017607	4.804703
0.252167	4.804632	-0.017607	4.804665
0.252333	4.804594	-0.017606	4.804626
0.252500	4.804555	-0.017606	4.804587
0.252667	4.804516	-0.017606	4.804549
0.252833	4.804478	-0.017606	4.804510
0.253000	4.804439	-0.017605	4.804471
0.253167	4.804401	-0.017605	4.804433
0.253333	4.804362	-0.017605	4.804394
0.253500	4.804323	-0.017605	4.804355
0.253667	4.804285	-0.017604	4.804317
0.253833	4.804246	-0.017604	4.804278
0.254000	4.804207	-0.017604	4.804240
0.254167	4.804169	-0.017604	4.804201
0.254333	4.804130	-0.017603	4.804162
0.254500	4.804091	-0.017603	4.804124
0.254667	4.804053	-0.017603	4.804085
0.254833	4.804014	-0.017603	4.804046
0.255000	4.803975	-0.017602	4.804008
0.255167	4.803937	-0.017602	4.803969
0.255333	4.803898	-0.017602	4.803930
0.255500	4.803859	-0.017602	4.803892
0.255667	4.803821	-0.017601	4.803853
0.255833	4.803782	-0.017601	4.803814
0.256000	4.803744	-0.017601	4.803776
0.256167	4.803705	-0.017601	4.803737
0.256333	4.803666	-0.017600	4.803699
0.256500	4.803628	-0.017600	4.803660
0.256667	4.803589	-0.017600	4.803621
0.256833	4.803550	-0.017600	4.803583
0.257000	4.803512	-0.017599	4.803544
0.257167	4.803473	-0.017599	4.803505
0.257333	4.803434	-0.017599	4.803467
0.257500	4.803396	-0.017599	4.803428
0.257667	4.803357	-0.017598	4.803389
0.257833	4.803319	-0.017598	4.803351
0.258000	4.803280	-0.017598	4.803312
0.258167	4.803241	-0.017598	4.803273
0.258333	4.803203	-0.017597	4.803235
0.258500	4.803164	-0.017597	4.803196
0.258667	4.803125	-0.017597	4.803158
0.258833	4.803087	-0.017597	4.803119
0.259000	4.803048	-0.017596	4.803080
0.259167	4.803009	-0.017596	4.803042
0.259333	4.802971	-0.017596	4.803003
0.259500	4.802932	-0.017596	4.802964
0.259667	4.802894	-0.017595	4.802926
0.259833	4.802855	-0.017595	4.802887
0.260000	4.802816	-0.017595	4.802849
0.260167	4.802778	-0.017595	4.802810
0.260333	4.802739	-0.017594	4.802771
0.260500	4.802700	-0.017594	4.802733
0.260667	4.802662	-0.017594	4.802694
0.260833	4.802623	-0.017594	4.802655
0.261000	4.802585	-0.017593	4.802617
0.261167	4.802546	-0.017593	4.802578
0.261333	4.802507	-0.017593	4.802539
0.261500	4.802469	-0.017593	4.802501
0.261667	4.802430	-0.017592	4.802462
0.261833	4.802391	-0.017592	4.802424
0.262000	4.802353	-0.017592	4.802385
0.262167	4.802314	-0.017592	4.802346
0.262333	4.802276	-0.017591	4.802308
0.262500	4.802237	-0.017591	4.802269
0.262667	4.802198	-0.017591	4.802230
0.262833	4.802160	-0.017591	4.802192
0.263000	4.802121	-0.017590	4.802153
0.263167	4.802082	-0.017590	4.802115
0.263333	4.802044	-0.017590	4.802076
0.263500	4.802005	-0.017590	4.802037
0.263667	4.801967	-0.017589	4.801999
0.263833	4.801928	-0.017589	4.801960
0.264000	4.801889	-0.017589	4.801922
0.264167	4.801851	-0.017589	4.801883
0.264333	4.801812	-0.017588	4.801844
0.264500	4.801773	-0.017588	4.801806
0.264667	4.801735	-0.017588	4.801767
0.264833	4.801696	-0.017588	4.801728
0.265000	4.801658	-0.017587	4.801690
0.265167	4.801619	-0.017587	4.801651
0.265333	4.801580	-0.017587	4.801613
0.265500	4.801542	-0.017587	4.801574
0.265667	4.801503	-0.017586	4.801535
0.265833	4.801465	-0.017586	4.801497
0.266000	4.801426	-0.017586	4.801458
0.266167	4.801387	-0.017586	4.801420
0.266333	4.801349	-0.017585	4.801381
0.266500	4.801310	-0.017585	4.801342
0.266667	4.801271	-0.017585	4.801304
0.266833	4.801233	-0.017585	4.801265
0.267000	4.801194	-0.017584	4.801226
0.267167	4.801156	-0.017584	4.801188
0.267333	4.801117	-0.017584	4.801149
0.267500	4.801078	-0.017584	4.801111
0.267667	4.801040	-0.017583	4.801072
0.267833	4.801001	-0.017583	4.801033
0.268000	4.800963	-0.017583	4.800995
0.268167	4.800924	-0.017583	4.800956
0.268333	4.800885	-0.017582	4.800918
0.268500	4.800847	-0.017582	4.800879
0.268667	4.800808	-0.017582	4.800840
0.268833	4.800770	-0.017582	4.800802
0.269000	4.800731	-0.017581	4.800763
0.269167	4.800692	-0.017581	4.800725
0.269333	4.800654	-0.017581	4.800686
0.269500	4.800615	-0.017581	4.800647
0.269667	4.800577	-0.017580	4.800609
0.269833	4.800538	-0.017580	4.800570
0.270000	4.800499	-0.017580	4.800532
0.270167	4.800461	-0.017580	4.800493
0.270333	4.800422	-0.017579	4.800454
0.270500	4.800384	-0.017579	4.800416
0.270667	4.800345	-0.017579	4.800377
0.270833	4.800306	-0.017579	4.800339
0.271000	4.800268	-0.017578	4.800300
0.271167	4.800229	-0.017578	4.800261
0.271333	4.800191	-0.017578	4.800223
0.271500	4.800152	-0.017578	4.800184
0.271667	4.800113	-0.017577	4.800146
0.271833	4.800075	-0.017577	4.800107
0.272000	4.800036	-0.017577	4.800068
0.272167	4.799998	-0.017577	4.800030
0.272333	4.799959	-0.017576	4.799991
0.272500	4.799920	-0.017576	4.799953
0.272667	4.799882	-0.017576	4.799914
0.272833	4.799843	-0.017576	4.799875
0.273000	4.799805	-0.017575	4.799837
0.273167	4.799766	-0.017575	4.799798
0.273333	4.799727	-0.017575	4.799760
0.273500	4.799689	-0.017575	4.799721
0.273667	4.799650	-0.017574	4.799682
0.273833	4.799612	-0.017574	4.799644
0.274000	4.799573	-0.017574	4.799605
0.274167	4.799534	-0.017574	4.799567
0.274333	4.799496	-0.017573	4.799528
0.274500	4.799457	-0.017573	4.799489
0.274667	4.799419	-0.017573	4.799451
0.274833	4.799380	-0.017573	4.799412
0.275000	4.799342	-0.017572	4.799374
0.275167	4.799303	-0.017572	4.799335
0.275333	4.799264	-0.017572	4.799297
0.275500	4.799226	-0.017572	4.799258
0.275667	4.799187	-0.017571	4.799219
0.275833	4.799149	-0.017571	4.799181
0.276000	4.799110	-0.017571	4.799142
0.276167	4.799071	-0.017571	4.799104
0.276333	4.799033	-0.017570	4.799065
0.276500	4.798994	-0.017570	4.799026
0.276667	4.798956	-0.017570	4.798988
0.276833	4.798917	-0.017570	4.798949
0.277000	4.798879	-0.017569	4.798911
0.277167	4.798840	-0.017569	4.798872
0.277333	4.798801	-0.017569	4.798834
0.277500	4.798763	-0.017569	4.798795
0.277667	4.798724	-0.017568	4.798756
0.277833	4.798686	-0.017568	4.798718
0.278000	4.798647	-0.017568	4.798679
0.278167	4.798609	-0.017568	4.798641
0.278333	4.798570	-0.017567	4.798602
0.278500	4.798531	-0.017567	4.798564
0.278667	4.798493	-0.017567	4.798525
0.278833	4.798454	-0.017567	4.798486
0.279000	4.798416	-0.017566	4.798448
0.279167	4.798377	-0.017566	4.798409
0.279333	4.798338	-0.017566	4.798371
0.279500	4.798300	-0.017566	4.798332
0.279667	4.798261	-0.017565	4.798293
0.279833	4.798223	-0.017565	4.798255
0.280000	4.798184	-0.017565	4.798216
