-6	0
-5.98799	1e-05
-5.97598	2e-05
-5.96396	3e-05
-5.95195	4e-05
-5.93994	5.00001e-05
-5.92793	6.00001e-05
-5.91592	7.00002e-05
-5.9039	8.00003e-05
-5.89189	9.00004e-05
-5.87988	0.000100001
-5.86787	0.000110001
-5.85586	0.000120001
-5.84384	0.000130001
-5.83183	0.000140002
-5.81982	0.000150002
-5.80781	0.000160002
-5.7958	0.000170003
-5.78378	0.000180003
-5.77177	0.000190004
-5.75976	0.000200005
-5.74775	0.000210005
-5.73574	0.000220006
-5.72372	0.000230007
-5.71171	0.000240008
-5.6997	0.000250009
-5.68769	0.00026001
-5.67568	0.000270011
-5.66366	0.000280013
-5.65165	0.000290014
-5.63964	0.000300016
-5.62763	0.000310017
-5.61562	0.000320019
-5.6036	0.000330021
-5.59159	0.000340023
-5.57958	0.000350025
-5.56757	0.000360027
-5.55556	0.00037003
-5.54354	0.000380032
-5.53153	0.000390035
-5.51952	0.000400037
-5.50751	0.00041004
-5.4955	0.000420043
-5.48348	0.000430046
-5.47147	0.00044005
-5.45946	0.000450053
-5.44745	0.000460057
-5.43544	0.00047006
-5.42342	0.000480064
-5.41141	0.000490069
-5.3994	0.000500073
-5.38739	0.000510077
-5.37538	0.000520082
-5.36336	0.000530087
-5.35135	0.000540092
-5.33934	0.000550097
-5.32733	0.000560102
-5.31532	0.000570108
-5.3033	0.000580114
-5.29129	0.00059012
-5.27928	0.000600126
-5.26727	0.000610132
-5.25526	0.000620139
-5.24324	0.000630146
-5.23123	0.000640153
-5.21922	0.00065016
-5.20721	0.000660167
-5.1952	0.000670175
-5.18318	0.000680183
-5.17117	0.000690191
-5.15916	0.0007002
-5.14715	0.000710209
-5.13514	0.000720217
-5.12312	0.000730227
-5.11111	0.000740236
-5.0991	0.000750246
-5.08709	0.000760256
-5.07508	0.000770266
-5.06306	0.000780276
-5.05105	0.000790287
-5.03904	0.000800298
-5.02703	0.00081031
-5.01502	0.000820321
-5.003	0.000830333
-4.99099	0.000840345
-4.97898	0.000850358
-4.96697	0.00086037
-4.95495	0.000870384
-4.94294	0.000880397
-4.93093	0.000890411
-4.91892	0.000900425
-4.90691	0.000910439
-4.89489	0.000920454
-4.88288	0.000930468
-4.87087	0.000940484
-4.85886	0.000950499
-4.84685	0.000960515
-4.83483	0.000970532
-4.82282	0.000980548
-4.81081	0.000990565
-4.7988	0.00100058
-4.78679	0.0010106
-4.77477	0.00102062
-4.76276	0.00103064
-4.75075	0.00104066
-4.73874	0.00105067
-4.72673	0.00106069
-4.71471	0.00107071
-4.7027	0.00108073
-4.69069	0.00109075
-4.67868	0.00110078
-4.66667	0.0011108
-4.65465	0.00112082
-4.64264	0.00113084
-4.63063	0.00114086
-4.61862	0.00115089
-4.60661	0.00116091
-4.59459	0.00117093
-4.58258	0.00118096
-4.57057	0.00119098
-4.55856	0.00120101
-4.54655	0.00121103
-4.53453	0.00122106
-4.52252	0.00123108
-4.51051	0.00124111
-4.4985	0.00125114
-4.48649	0.00126116
-4.47447	0.00127119
-4.46246	0.00128122
-4.45045	0.00129125
-4.43844	0.00130128
-4.42643	0.00131131
-4.41441	0.00132134
-4.4024	0.00133137
-4.39039	0.0013414
-4.37838	0.00135143
-4.36637	0.00136146
-4.35435	0.0013715
-4.34234	0.00138153
-4.33033	0.00139156
-4.31832	0.0014016
-4.30631	0.00141163
-4.29429	0.00142167
-4.28228	0.0014317
-4.27027	0.00144174
-4.25826	0.00145177
-4.24625	0.00146181
-4.23423	0.00147185
-4.22222	0.00148189
-4.21021	0.00149193
-4.1982	0.00150196
-4.18619	0.001512
-4.17417	0.00152204
-4.16216	0.00153208
-4.15015	0.00154213
-4.13814	0.00155217
-4.12613	0.00156221
-4.11411	0.00157225
-4.1021	0.0015823
-4.09009	0.00159234
-4.07808	0.00160238
-4.06607	0.00161243
-4.05405	0.00162247
-4.04204	0.00163252
-4.03003	0.00164257
-4.01802	0.00165261
-4.00601	0.00166266
-3.99399	0.00167271
-3.98198	0.00168276
-3.96997	0.00169281
-3.95796	0.00170286
-3.94595	0.00171291
-3.93393	0.00172296
-3.92192	0.00173301
-3.90991	0.00174307
-3.8979	0.00175312
-3.88589	0.00176317
-3.87387	0.00177323
-3.86186	0.00178328
-3.84985	0.00179334
-3.83784	0.00180339
-3.82583	0.00181345
-3.81381	0.00182351
-3.8018	0.00183357
-3.78979	0.00184362
-3.77778	0.00185368
-3.76577	0.00186374
-3.75375	0.0018738
-3.74174	0.00188387
-3.72973	0.00189393
-3.71772	0.00190399
-3.70571	0.00191405
-3.69369	0.00192412
-3.68168	0.00193418
-3.66967	0.00194425
-3.65766	0.00195431
-3.64565	0.00196438
-3.63363	0.00197445
-3.62162	0.00198452
-3.60961	0.00199458
-3.5976	0.00200465
-3.58559	0.00201472
-3.57357	0.00202479
-3.56156	0.00203487
-3.54955	0.00204494
-3.53754	0.00205501
-3.52553	0.00206509
-3.51351	0.00207516
-3.5015	0.00208523
-3.48949	0.00209531
-3.47748	0.00210539
-3.46547	0.00211546
-3.45345	0.00212554
-3.44144	0.00213562
-3.42943	0.0021457
-3.41742	0.00215578
-3.40541	0.00216586
-3.39339	0.00217594
-3.38138	0.00218603
-3.36937	0.00219611
-3.35736	0.00220619
-3.34535	0.00221628
-3.33333	0.00222636
-3.32132	0.00223645
-3.30931	0.00224654
-3.2973	0.00225662
-3.28529	0.00226671
-3.27327	0.0022768
-3.26126	0.00228689
-3.24925	0.00229698
-3.23724	0.00230708
-3.22523	0.00231717
-3.21321	0.00232726
-3.2012	0.00233736
-3.18919	0.00234745
-3.17718	0.00235755
-3.16517	0.00236764
-3.15315	0.00237774
-3.14114	0.00238784
-3.12913	0.00239794
-3.11712	0.00240804
-3.10511	0.00241814
-3.09309	0.00242824
-3.08108	0.00243834
-3.06907	0.00244845
-3.05706	0.00245855
-3.04505	0.00246866
-3.03303	0.00247876
-3.02102	0.00248887
-3.00901	0.00249898
-2.997	0.00250909
-2.98498	0.00251919
-2.97297	0.0025293
-2.96096	0.00253942
-2.94895	0.00254953
-2.93694	0.00255964
-2.92492	0.00256975
-2.91291	0.00257987
-2.9009	0.00258999
-2.88889	0.0026001
-2.87688	0.00261022
-2.86486	0.00262034
-2.85285	0.00263046
-2.84084	0.00264058
-2.82883	0.0026507
-2.81682	0.00266082
-2.8048	0.00267094
-2.79279	0.00268107
-2.78078	0.00269119
-2.76877	0.00270132
-2.75676	0.00271144
-2.74474	0.00272157
-2.73273	0.0027317
-2.72072	0.00274183
-2.70871	0.00275196
-2.6967	0.00276209
-2.68468	0.00277222
-2.67267	0.00278236
-2.66066	0.00279249
-2.64865	0.00280263
-2.63664	0.00281276
-2.62462	0.0028229
-2.61261	0.00283304
-2.6006	0.00284318
-2.58859	0.00285332
-2.57658	0.00286346
-2.56456	0.0028736
-2.55255	0.00288374
-2.54054	0.00289389
-2.52853	0.00290403
-2.51652	0.00291418
-2.5045	0.00292432
-2.49249	0.00293447
-2.48048	0.00294462
-2.46847	0.00295477
-2.45646	0.00296492
-2.44444	0.00297507
-2.43243	0.00298523
-2.42042	0.00299538
-2.40841	0.00300554
-2.3964	0.00301569
-2.38438	0.00302585
-2.37237	0.00303601
-2.36036	0.00304617
-2.34835	0.00305633
-2.33634	0.00306649
-2.32432	0.00307665
-2.31231	0.00308682
-2.3003	0.00309698
-2.28829	0.00310715
-2.27628	0.00311731
-2.26426	0.00312748
-2.25225	0.00313765
-2.24024	0.00314782
-2.22823	0.00315799
-2.21622	0.00316817
-2.2042	0.00317834
-2.19219	0.00318851
-2.18018	0.00319869
-2.16817	0.00320887
-2.15616	0.00321904
-2.14414	0.00322922
-2.13213	0.0032394
-2.12012	0.00324958
-2.10811	0.00325977
-2.0961	0.00326995
-2.08408	0.00328013
-2.07207	0.00329032
-2.06006	0.00330051
-2.04805	0.0033107
-2.03604	0.00332088
-2.02402	0.00333107
-2.01201	0.00334127
-2	0.00335146
-1.98799	0.00336165
-1.97598	0.00337185
-1.96396	0.00338204
-1.95195	0.00339224
-1.93994	0.00340244
-1.92793	0.00341264
-1.91592	0.00342284
-1.9039	0.00343304
-1.89189	0.00344324
-1.87988	0.00345345
-1.86787	0.00346365
-1.85586	0.00347386
-1.84384	0.00348407
-1.83183	0.00349428
-1.81982	0.00350449
-1.80781	0.0035147
-1.7958	0.00352491
-1.78378	0.00353513
-1.77177	0.00354534
-1.75976	0.00355556
-1.74775	0.00356578
-1.73574	0.003576
-1.72372	0.00358622
-1.71171	0.00359644
-1.6997	0.00360666
-1.68769	0.00361688
-1.67568	0.00362711
-1.66366	0.00363734
-1.65165	0.00364756
-1.63964	0.00365779
-1.62763	0.00366802
-1.61562	0.00367825
-1.6036	0.00368849
-1.59159	0.00369872
-1.57958	0.00370896
-1.56757	0.00371919
-1.55556	0.00372943
-1.54354	0.00373967
-1.53153	0.00374991
-1.51952	0.00376015
-1.50751	0.00377039
-1.4955	0.00378064
-1.48348	0.00379088
-1.47147	0.00380113
-1.45946	0.00381138
-1.44745	0.00382163
-1.43544	0.00383188
-1.42342	0.00384213
-1.41141	0.00385239
-1.3994	0.00386264
-1.38739	0.0038729
-1.37538	0.00388315
-1.36336	0.00389341
-1.35135	0.00390367
-1.33934	0.00391394
-1.32733	0.0039242
-1.31532	0.00393446
-1.3033	0.00394473
-1.29129	0.003955
-1.27928	0.00396526
-1.26727	0.00397553
-1.25526	0.0039858
-1.24324	0.00399608
-1.23123	0.00400635
-1.21922	0.00401663
-1.20721	0.0040269
-1.1952	0.00403718
-1.18318	0.00404746
-1.17117	0.00405774
-1.15916	0.00406802
-1.14715	0.00407831
-1.13514	0.00408859
-1.12312	0.00409888
-1.11111	0.00410917
-1.0991	0.00411946
-1.08709	0.00412975
-1.07508	0.00414004
-1.06306	0.00415033
-1.05105	0.00416063
-1.03904	0.00417092
-1.02703	0.00418122
-1.01502	0.00419152
-1.003	0.00420182
-0.990991	0.00421212
-0.978979	0.00422243
-0.966967	0.00423273
-0.954955	0.00424304
-0.942943	0.00425335
-0.930931	0.00426366
-0.918919	0.00427397
-0.906907	0.00428428
-0.894895	0.00429459
-0.882883	0.00430491
-0.870871	0.00431523
-0.858859	0.00432554
-0.846847	0.00433586
-0.834835	0.00434619
-0.822823	0.00435651
-0.810811	0.00436683
-0.798799	0.00437716
-0.786787	0.00438749
-0.774775	0.00439782
-0.762763	0.00440815
-0.750751	0.00441848
-0.738739	0.00442881
-0.726727	0.00443915
-0.714715	0.00444948
-0.702703	0.00445982
-0.690691	0.00447016
-0.678679	0.0044805
-0.666667	0.00449084
-0.654655	0.00450119
-0.642643	0.00451153
-0.630631	0.00452188
-0.618619	0.00453223
-0.606607	0.00454258
-0.594595	0.00455293
-0.582583	0.00456329
-0.570571	0.00457364
-0.558559	0.004584
-0.546547	0.00459436
-0.534535	0.00460472
-0.522523	0.00461508
-0.510511	0.00462544
-0.498498	0.00463581
-0.486486	0.00464617
-0.474474	0.00465654
-0.462462	0.00466691
-0.45045	0.00467728
-0.438438	0.00468765
-0.426426	0.00469803
-0.414414	0.0047084
-0.402402	0.00471878
-0.39039	0.00472916
-0.378378	0.00473954
-0.366366	0.00474992
-0.354354	0.00476031
-0.342342	0.00477069
-0.33033	0.00478108
-0.318318	0.00479147
-0.306306	0.00480186
-0.294294	0.00481225
-0.282282	0.00482265
-0.27027	0.00483304
-0.258258	0.00484344
-0.246246	0.00485384
-0.234234	0.00486424
-0.222222	0.00487464
-0.21021	0.00488504
-0.198198	0.00489545
-0.186186	0.00490586
-0.174174	0.00491627
-0.162162	0.00492668
-0.15015	0.00493709
-0.138138	0.0049475
-0.126126	0.00495792
-0.114114	0.00496834
-0.102102	0.00497876
-0.0900901	0.00498918
-0.0780781	0.0049996
-0.0660661	0.00501002
-0.0540541	0.00502045
-0.042042	0.00503088
-0.03003	0.00504131
-0.018018	0.00505174
-0.00600601	0.00506217
0.00600601	0.00507261
0.018018	0.00508304
0.03003	0.00509348
0.042042	0.00510392
0.0540541	0.00511436
0.0660661	0.00512481
0.0780781	0.00513525
0.0900901	0.0051457
0.102102	0.00515615
0.114114	0.0051666
0.126126	0.00517705
0.138138	0.00518751
0.15015	0.00519796
0.162162	0.00520842
0.174174	0.00521888
0.186186	0.00522934
0.198198	0.0052398
0.21021	0.00525027
0.222222	0.00526073
0.234234	0.0052712
0.246246	0.00528167
0.258258	0.00529215
0.27027	0.00530262
0.282282	0.0053131
0.294294	0.00532357
0.306306	0.00533405
0.318318	0.00534453
0.33033	0.00535502
0.342342	0.0053655
0.354354	0.00537599
0.366366	0.00538648
0.378378	0.00539697
0.39039	0.00540746
0.402402	0.00541795
0.414414	0.00542845
0.426426	0.00543895
0.438438	0.00544945
0.45045	0.00545995
0.462462	0.00547045
0.474474	0.00548096
0.486486	0.00549147
0.498498	0.00550198
0.510511	0.00551249
0.522523	0.005523
0.534535	0.00553352
0.546547	0.00554403
0.558559	0.00555455
0.570571	0.00556507
0.582583	0.00557559
0.594595	0.00558612
0.606607	0.00559664
0.618619	0.00560717
0.630631	0.0056177
0.642643	0.00562824
0.654655	0.00563877
0.666667	0.00564931
0.678679	0.00565984
0.690691	0.00567038
0.702703	0.00568093
0.714715	0.00569147
0.726727	0.00570201
0.738739	0.00571256
0.750751	0.00572311
0.762763	0.00573366
0.774775	0.00574422
0.786787	0.00575477
0.798799	0.00576533
0.810811	0.00577589
0.822823	0.00578645
0.834835	0.00579701
0.846847	0.00580758
0.858859	0.00581815
0.870871	0.00582872
0.882883	0.00583929
0.894895	0.00584986
0.906907	0.00586044
0.918919	0.00587102
0.930931	0.00588159
0.942943	0.00589218
0.954955	0.00590276
0.966967	0.00591335
0.978979	0.00592393
0.990991	0.00593452
1.003	0.00594511
1.01502	0.00595571
1.02703	0.0059663
1.03904	0.0059769
1.05105	0.0059875
1.06306	0.0059981
1.07508	0.00600871
1.08709	0.00601931
1.0991	0.00602992
1.11111	0.00604053
1.12312	0.00605114
1.13514	0.00606176
1.14715	0.00607237
1.15916	0.00608299
1.17117	0.00609361
1.18318	0.00610424
1.1952	0.00611486
1.20721	0.00612549
1.21922	0.00613612
1.23123	0.00614675
1.24324	0.00615738
1.25526	0.00616802
1.26727	0.00617865
1.27928	0.00618929
1.29129	0.00619993
1.3033	0.00621058
1.31532	0.00622122
1.32733	0.00623187
1.33934	0.00624252
1.35135	0.00625317
1.36336	0.00626383
1.37538	0.00627449
1.38739	0.00628514
1.3994	0.0062958
1.41141	0.00630647
1.42342	0.00631713
1.43544	0.0063278
1.44745	0.00633847
1.45946	0.00634914
1.47147	0.00635982
1.48348	0.00637049
1.4955	0.00638117
1.50751	0.00639185
1.51952	0.00640253
1.53153	0.00641322
1.54354	0.0064239
1.55556	0.00643459
1.56757	0.00644528
1.57958	0.00645598
1.59159	0.00646667
1.6036	0.00647737
1.61562	0.00648807
1.62763	0.00649877
1.63964	0.00650948
1.65165	0.00652019
1.66366	0.0065309
1.67568	0.00654161
1.68769	0.00655232
1.6997	0.00656304
1.71171	0.00657375
1.72372	0.00658447
1.73574	0.0065952
1.74775	0.00660592
1.75976	0.00661665
1.77177	0.00662738
1.78378	0.00663811
1.7958	0.00664884
1.80781	0.00665958
1.81982	0.00667032
1.83183	0.00668106
1.84384	0.0066918
1.85586	0.00670255
1.86787	0.0067133
1.87988	0.00672405
1.89189	0.0067348
1.9039	0.00674555
1.91592	0.00675631
1.92793	0.00676707
1.93994	0.00677783
1.95195	0.00678859
1.96396	0.00679936
1.97598	0.00681013
1.98799	0.0068209
2	0.00683167
2.01201	0.00684245
2.02402	0.00685323
2.03604	0.00686401
2.04805	0.00687479
2.06006	0.00688557
2.07207	0.00689636
2.08408	0.00690715
2.0961	0.00691794
2.10811	0.00692874
2.12012	0.00693953
2.13213	0.00695033
2.14414	0.00696113
2.15616	0.00697194
2.16817	0.00698274
2.18018	0.00699355
2.19219	0.00700436
2.2042	0.00701518
2.21622	0.00702599
2.22823	0.00703681
2.24024	0.00704763
2.25225	0.00705845
2.26426	0.00706928
2.27628	0.00708011
2.28829	0.00709094
2.3003	0.00710177
2.31231	0.0071126
2.32432	0.00712344
2.33634	0.00713428
2.34835	0.00714512
2.36036	0.00715597
2.37237	0.00716682
2.38438	0.00717767
2.3964	0.00718852
2.40841	0.00719937
2.42042	0.00721023
2.43243	0.00722109
2.44444	0.00723195
2.45646	0.00724281
2.46847	0.00725368
2.48048	0.00726455
2.49249	0.00727542
2.5045	0.0072863
2.51652	0.00729717
2.52853	0.00730805
2.54054	0.00731894
2.55255	0.00732982
2.56456	0.00734071
2.57658	0.0073516
2.58859	0.00736249
2.6006	0.00737338
2.61261	0.00738428
2.62462	0.00739518
2.63664	0.00740608
2.64865	0.00741699
2.66066	0.00742789
2.67267	0.0074388
2.68468	0.00744971
2.6967	0.00746063
2.70871	0.00747155
2.72072	0.00748247
2.73273	0.00749339
2.74474	0.00750431
2.75676	0.00751524
2.76877	0.00752617
2.78078	0.0075371
2.79279	0.00754804
2.8048	0.00755897
2.81682	0.00756992
2.82883	0.00758086
2.84084	0.0075918
2.85285	0.00760275
2.86486	0.0076137
2.87688	0.00762466
2.88889	0.00763561
2.9009	0.00764657
2.91291	0.00765753
2.92492	0.00766849
2.93694	0.00767946
2.94895	0.00769043
2.96096	0.0077014
2.97297	0.00771237
2.98498	0.00772335
2.997	0.00773433
3.00901	0.00774531
3.02102	0.0077563
3.03303	0.00776728
3.04505	0.00777827
3.05706	0.00778927
3.06907	0.00780026
3.08108	0.00781126
3.09309	0.00782226
3.10511	0.00783326
3.11712	0.00784427
3.12913	0.00785528
3.14114	0.00786629
3.15315	0.0078773
3.16517	0.00788832
3.17718	0.00789934
3.18919	0.00791036
3.2012	0.00792139
3.21321	0.00793241
3.22523	0.00794344
3.23724	0.00795448
3.24925	0.00796551
3.26126	0.00797655
3.27327	0.00798759
3.28529	0.00799864
3.2973	0.00800968
3.30931	0.00802073
3.32132	0.00803178
3.33333	0.00804284
3.34535	0.0080539
3.35736	0.00806496
3.36937	0.00807602
3.38138	0.00808708
3.39339	0.00809815
3.40541	0.00810922
3.41742	0.0081203
3.42943	0.00813137
3.44144	0.00814245
3.45345	0.00815354
3.46547	0.00816462
3.47748	0.00817571
3.48949	0.0081868
3.5015	0.00819789
3.51351	0.00820899
3.52553	0.00822009
3.53754	0.00823119
3.54955	0.00824229
3.56156	0.0082534
3.57357	0.00826451
3.58559	0.00827562
3.5976	0.00828674
3.60961	0.00829786
3.62162	0.00830898
3.63363	0.0083201
3.64565	0.00833123
3.65766	0.00834236
3.66967	0.00835349
3.68168	0.00836463
3.69369	0.00837577
3.70571	0.00838691
3.71772	0.00839805
3.72973	0.0084092
3.74174	0.00842035
3.75375	0.0084315
3.76577	0.00844266
3.77778	0.00845382
3.78979	0.00846498
3.8018	0.00847614
3.81381	0.00848731
3.82583	0.00849848
3.83784	0.00850965
3.84985	0.00852083
3.86186	0.00853201
3.87387	0.00854319
3.88589	0.00855437
3.8979	0.00856556
3.90991	0.00857675
3.92192	0.00858794
3.93393	0.00859914
3.94595	0.00861034
3.95796	0.00862154
3.96997	0.00863275
3.98198	0.00864395
3.99399	0.00865516
4.00601	0.00866638
4.01802	0.0086776
4.03003	0.00868881
4.04204	0.00870004
4.05405	0.00871126
4.06607	0.00872249
4.07808	0.00873372
4.09009	0.00874496
4.1021	0.00875619
4.11411	0.00876744
4.12613	0.00877868
4.13814	0.00878993
4.15015	0.00880117
4.16216	0.00881243
4.17417	0.00882368
4.18619	0.00883494
4.1982	0.0088462
4.21021	0.00885747
4.22222	0.00886873
4.23423	0.00888
4.24625	0.00889128
4.25826	0.00890255
4.27027	0.00891383
4.28228	0.00892512
4.29429	0.0089364
4.30631	0.00894769
4.31832	0.00895898
4.33033	0.00897028
4.34234	0.00898157
4.35435	0.00899287
4.36637	0.00900418
4.37838	0.00901549
4.39039	0.0090268
4.4024	0.00903811
4.41441	0.00904942
4.42643	0.00906074
4.43844	0.00907207
4.45045	0.00908339
4.46246	0.00909472
4.47447	0.00910605
4.48649	0.00911739
4.4985	0.00912872
4.51051	0.00914006
4.52252	0.00915141
4.53453	0.00916275
4.54655	0.0091741
4.55856	0.00918546
4.57057	0.00919681
4.58258	0.00920817
4.59459	0.00921954
4.60661	0.0092309
4.61862	0.00924227
4.63063	0.00925364
4.64264	0.00926502
4.65465	0.0092764
4.66667	0.00928778
4.67868	0.00929916
4.69069	0.00931055
4.7027	0.00932194
4.71471	0.00933333
4.72673	0.00934473
4.73874	0.00935613
4.75075	0.00936754
4.76276	0.00937894
4.77477	0.00939035
4.78679	0.00940177
4.7988	0.00941318
4.81081	0.0094246
4.82282	0.00943602
4.83483	0.00944745
4.84685	0.00945888
4.85886	0.00947031
4.87087	0.00948175
4.88288	0.00949319
4.89489	0.00950463
4.90691	0.00951607
4.91892	0.00952752
4.93093	0.00953897
4.94294	0.00955043
4.95495	0.00956189
4.96697	0.00957335
4.97898	0.00958481
4.99099	0.00959628
5.003	0.00960775
5.01502	0.00961922
5.02703	0.0096307
5.03904	0.00964218
5.05105	0.00965367
5.06306	0.00966515
5.07508	0.00967665
5.08709	0.00968814
5.0991	0.00969964
5.11111	0.00971114
5.12312	0.00972264
5.13514	0.00973415
5.14715	0.00974566
5.15916	0.00975717
5.17117	0.00976869
5.18318	0.00978021
5.1952	0.00979173
5.20721	0.00980326
5.21922	0.00981479
5.23123	0.00982632
5.24324	0.00983786
5.25526	0.0098494
5.26727	0.00986094
5.27928	0.00987249
5.29129	0.00988404
5.3033	0.0098956
5.31532	0.00990715
5.32733	0.00991871
5.33934	0.00993028
5.35135	0.00994184
5.36336	0.00995341
5.37538	0.00996499
5.38739	0.00997657
5.3994	0.00998815
5.41141	0.00999973
5.42342	0.0100113
5.43544	0.0100229
5.44745	0.0100345
5.45946	0.0100461
5.47147	0.0100577
5.48348	0.0100693
5.4955	0.0100809
5.50751	0.0100925
5.51952	0.0101041
5.53153	0.0101158
5.54354	0.0101274
5.55556	0.010139
5.56757	0.0101506
5.57958	0.0101623
5.59159	0.0101739
5.6036	0.0101855
5.61562	0.0101972
5.62763	0.0102088
5.63964	0.0102205
5.65165	0.0102321
5.66366	0.0102438
5.67568	0.0102554
5.68769	0.0102671
5.6997	0.0102788
5.71171	0.0102904
5.72372	0.0103021
5.73574	0.0103138
5.74775	0.0103255
5.75976	0.0103372
5.77177	0.0103488
5.78378	0.0103605
5.7958	0.0103722
5.80781	0.0103839
5.81982	0.0103956
5.83183	0.0104073
5.84384	0.010419
5.85586	0.0104308
5.86787	0.0104425
5.87988	0.0104542
5.89189	0.0104659
5.9039	0.0104776
5.91592	0.0104894
5.92793	0.0105011
5.93994	0.0105128
5.95195	0.0105246
5.96396	0.0105363
5.97598	0.0105481
5.98799	0.0105598
6	0.0105716
