# E_lab [MeV]	delta_real [deg]	delta_imag [deg]	cross_section [mb]	S_factor [MeV*mb]
0.1083	0.0003	0.0000	0.0000	0.0000
0.1094	0.0004	0.0000	0.0000	0.0000
0.1105	0.0004	0.0000	0.0000	0.0000
0.1116	0.0004	0.0000	0.0000	0.0000
0.1127	0.0005	0.0000	0.0000	0.0000
0.1138	0.0005	0.0000	0.0000	0.0000
0.1148	0.0006	0.0000	0.0000	0.0000
0.1159	0.0006	0.0000	0.0000	0.0000
0.1170	0.0007	0.0000	0.0000	0.0000
0.1181	0.0007	0.0000	0.0000	0.0000
0.1192	0.0008	0.0000	0.0000	0.0000
0.1203	0.0008	0.0000	0.0000	0.0000
0.1213	0.0009	0.0000	0.0000	0.0000
0.1224	0.0010	0.0000	0.0000	0.0000
0.1235	0.0010	0.0000	0.0000	0.0000
0.1246	0.0011	0.0000	0.0000	0.0000
0.1257	0.0012	0.0000	0.0000	0.0000
0.1268	0.0013	0.0000	0.0000	0.0000
0.1278	0.0014	0.0000	0.0000	0.0000
0.1289	0.0015	0.0000	0.0000	0.0000
0.1300	0.0016	0.0000	0.0000	0.0000
0.1311	0.0017	0.0000	0.0000	0.0000
0.1322	0.0019	0.0000	0.0000	0.0000
0.1333	0.0020	0.0000	0.0000	0.0000
0.1343	0.0021	0.0000	0.0000	0.0000
0.1354	0.0023	0.0000	0.0000	0.0000
0.1365	0.0024	0.0000	0.0000	0.0000
0.1376	0.0026	0.0000	0.0000	0.0000
0.1387	0.0028	0.0000	0.0000	0.0000
0.1398	0.0030	0.0000	0.0000	0.0000
0.1408	0.0032	0.0000	0.0000	0.0000
0.1419	0.0034	0.0000	0.0000	0.0000
0.1430	0.0036	0.0000	0.0000	0.0000
0.1441	0.0038	0.0000	0.0000	0.0000
0.1452	0.0040	0.0000	0.0000	0.0000
0.1463	0.0043	0.0000	0.0000	0.0000
0.1473	0.0045	0.0000	0.0000	0.0000
0.1484	0.0048	0.0000	0.0000	0.0000
0.1495	0.0051	0.0000	0.0000	0.0000
0.1506	0.0054	0.0000	0.0000	0.0000
0.1517	0.0057	0.0000	0.0000	0.0000
0.1528	0.0060	0.0000	0.0000	0.0000
0.1538	0.0064	0.0000	0.0000	0.0000
0.1549	0.0067	0.0000	0.0000	0.0000
0.1560	0.0071	0.0000	0.0000	0.0000
0.1571	0.0075	0.0000	0.0000	0.0000
0.1582	0.0079	0.0000	0.0000	0.0000
0.1593	0.0084	0.0000	0.0000	0.0000
0.1603	0.0088	0.0000	0.0000	0.0000
0.1614	0.0093	0.0000	0.0000	0.0000
0.1625	0.0098	0.0000	0.0000	0.0000
0.1636	0.0103	0.0000	0.0000	0.0000
0.1647	0.0108	0.0000	0.0000	0.0000
0.1658	0.0114	0.0000	0.0000	0.0000
0.1668	0.0119	0.0000	0.0000	0.0000
0.1679	0.0125	0.0000	0.0000	0.0000
0.1690	0.0132	0.0000	0.0000	0.0000
0.1701	0.0138	0.0000	-0.0000	-0.0000
0.1712	0.0145	0.0000	0.0000	0.0000
0.1723	0.0152	0.0000	0.0000	0.0000
0.1733	0.0159	0.0000	0.0000	0.0000
0.1744	0.0167	0.0000	0.0000	0.0000
0.1755	0.0175	0.0000	0.0000	0.0000
0.1766	0.0183	0.0000	0.0000	0.0000
0.1777	0.0191	0.0000	0.0000	0.0000
0.1788	0.0200	0.0000	0.0000	0.0000
0.1798	0.0209	0.0000	0.0000	0.0000
0.1809	0.0219	0.0000	0.0000	0.0000
0.1820	0.0228	0.0000	0.0000	0.0000
0.1831	0.0238	0.0000	0.0000	0.0000
0.1842	0.0249	0.0000	0.0000	0.0000
0.1853	0.0260	0.0000	0.0000	0.0000
0.1863	0.0271	0.0000	0.0000	0.0000
0.1874	0.0283	0.0000	0.0000	0.0000
0.1885	0.0295	0.0000	0.0000	0.0000
0.1896	0.0307	0.0000	0.0000	0.0000
0.1907	0.0320	0.0000	0.0000	0.0000
0.1918	0.0333	0.0000	0.0000	0.0000
0.1928	0.0347	0.0000	0.0000	0.0000
0.1939	0.0361	0.0000	0.0000	0.0000
0.1950	0.0376	0.0000	-0.0000	-0.0000
0.1961	0.0391	0.0000	0.0000	0.0000
0.1972	0.0407	0.0000	0.0000	0.0000
0.1983	0.0423	0.0000	0.0000	0.0000
0.1993	0.0439	0.0000	-0.0000	-0.0000
0.2004	0.0457	0.0000	0.0000	0.0000
0.2015	0.0474	0.0000	0.0000	0.0000
0.2026	0.0493	0.0000	0.0000	0.0000
0.2037	0.0511	0.0000	0.0000	0.0000
0.2048	0.0531	0.0000	0.0000	0.0000
0.2058	0.0551	0.0000	0.0000	0.0000
0.2069	0.0571	0.0000	0.0000	0.0000
0.2080	0.0593	0.0000	0.0000	0.0000
0.2091	0.0614	0.0000	0.0000	0.0000
0.2102	0.0637	0.0000	0.0000	0.0000
0.2113	0.0660	0.0000	0.0000	0.0000
0.2123	0.0684	0.0000	0.0000	0.0000
0.2134	0.0708	0.0000	0.0000	0.0000
0.2145	0.0733	0.0000	0.0000	0.0000
0.2156	0.0759	0.0000	0.0000	0.0000
0.2167	0.0786	0.0000	0.0000	0.0000
0.2178	0.0813	0.0000	0.0000	0.0000
0.2188	0.0842	0.0000	0.0000	0.0000
0.2199	0.0871	0.0000	0.0000	0.0000
0.2210	0.0900	0.0000	0.0000	0.0000
0.2221	0.0931	0.0000	0.0000	0.0000
0.2232	0.0962	0.0000	0.0000	0.0000
0.2243	0.0994	0.0000	0.0000	0.0000
0.2253	0.1028	0.0000	0.0000	0.0000
0.2264	0.1062	0.0000	0.0000	0.0000
0.2275	0.1096	0.0000	0.0000	0.0000
0.2286	0.1132	0.0000	0.0000	0.0000
0.2297	0.1169	0.0000	0.0000	0.0000
0.2308	0.1207	0.0000	0.0000	0.0000
0.2318	0.1245	0.0000	0.0000	0.0000
0.2329	0.1285	0.0000	0.0000	0.0000
0.2340	0.1326	0.0000	0.0000	0.0000
0.2351	0.1368	0.0000	0.0000	0.0000
0.2362	0.1410	0.0000	0.0000	0.0000
0.2373	0.1454	0.0000	0.0000	0.0000
0.2383	0.1499	0.0000	0.0000	0.0000
0.2394	0.1545	0.0000	0.0000	0.0000
0.2405	0.1593	0.0000	0.0000	0.0000
0.2416	0.1641	0.0000	-0.0000	-0.0000
0.2427	0.1690	0.0000	0.0000	0.0000
0.2438	0.1741	0.0000	0.0000	0.0000
0.2448	0.1793	0.0000	0.0000	0.0000
0.2459	0.1847	0.0000	0.0000	0.0000
0.2470	0.1901	0.0000	0.0000	0.0000
0.2481	0.1957	0.0000	0.0000	0.0000
0.2492	0.2014	0.0000	0.0000	0.0000
0.2503	0.2073	0.0000	0.0000	0.0000
0.2513	0.2133	0.0000	0.0000	0.0000
0.2524	0.2194	0.0000	0.0000	0.0000
0.2535	0.2257	0.0000	0.0000	0.0000
0.2546	0.2321	0.0000	0.0000	0.0000
0.2557	0.2386	0.0000	0.0000	0.0000
0.2568	0.2454	0.0000	0.0000	0.0000
0.2578	0.2522	0.0000	0.0000	0.0000
0.2589	0.2592	0.0000	0.0000	0.0000
0.2600	0.2664	0.0000	0.0000	0.0000
0.2611	0.2738	0.0000	-0.0000	-0.0000
0.2622	0.2813	0.0000	0.0000	0.0000
0.2633	0.2890	0.0000	0.0000	0.0000
0.2643	0.2968	0.0000	0.0000	0.0000
0.2654	0.3048	0.0000	0.0000	0.0000
0.2665	0.3130	0.0000	0.0000	0.0000
0.2676	0.3214	0.0000	0.0000	0.0000
0.2687	0.3300	0.0000	0.0000	0.0000
0.2698	0.3387	0.0000	0.0000	0.0000
0.2708	0.3476	0.0000	-0.0000	-0.0000
0.2719	0.3568	0.0000	0.0000	0.0000
0.2730	0.3661	0.0000	0.0000	0.0000
0.2741	0.3756	0.0000	0.0000	0.0000
0.2752	0.3853	0.0000	0.0000	0.0000
0.2763	0.3953	0.0000	0.0000	0.0000
0.2773	0.4054	0.0000	0.0000	0.0000
0.2784	0.4158	0.0000	0.0000	0.0000
0.2795	0.4264	0.0000	0.0000	0.0000
0.2806	0.4371	0.0000	0.0000	0.0000
0.2817	0.4482	0.0000	0.0000	0.0000
0.2828	0.4594	0.0000	0.0000	0.0000
0.2838	0.4709	0.0000	0.0000	0.0000
0.2849	0.4826	0.0000	0.0000	0.0000
0.2860	0.4946	0.0000	0.0000	0.0000
0.2871	0.5068	0.0000	0.0000	0.0000
0.2882	0.5192	0.0000	0.0000	0.0000
0.2893	0.5319	0.0000	0.0000	0.0000
0.2903	0.5449	0.0000	0.0000	0.0000
0.2914	0.5581	0.0000	0.0000	0.0000
0.2925	0.5716	0.0000	-0.0000	-0.0000
0.2936	0.5854	0.0000	0.0000	0.0000
0.2947	0.5994	0.0000	-0.0000	-0.0000
0.2958	0.6137	0.0000	0.0000	0.0000
0.2968	0.6283	0.0000	0.0000	0.0000
0.2979	0.6432	0.0000	0.0000	0.0000
0.2990	0.6584	0.0000	0.0000	0.0000
0.3001	0.6739	0.0000	0.0000	0.0000
0.3012	0.6897	0.0000	0.0000	0.0000
0.3023	0.7058	0.0000	-0.0000	-0.0000
0.3033	0.7222	0.0000	0.0000	0.0000
0.3044	0.7390	0.0000	0.0000	0.0000
0.3055	0.7561	0.0000	0.0000	0.0000
0.3066	0.7735	0.0000	0.0000	0.0000
0.3077	0.7912	0.0000	0.0000	0.0000
0.3088	0.8093	0.0000	0.0000	0.0000
0.3098	0.8277	0.0000	0.0000	0.0000
0.3109	0.8465	0.0000	0.0000	0.0000
0.3120	0.8656	0.0000	0.0000	0.0000
0.3131	0.8852	0.0000	0.0000	0.0000
0.3142	0.9051	0.0000	0.0000	0.0000
0.3153	0.9253	0.0000	0.0000	0.0000
0.3163	0.9460	0.0000	0.0000	0.0000
0.3174	0.9670	0.0000	0.0000	0.0000
0.3185	0.9885	0.0000	0.0000	0.0000
0.3196	1.0103	0.0000	0.0000	0.0000
0.3207	1.0326	0.0000	0.0000	0.0000
0.3218	1.0553	0.0000	0.0000	0.0000
0.3228	1.0784	0.0000	0.0000	0.0000
0.3239	1.1020	0.0000	-0.0000	-0.0000
0.3250	1.1260	0.0000	0.0000	0.0000
0.3261	1.1504	0.0000	0.0000	0.0000
0.3272	1.1754	0.0000	-0.0000	-0.0000
0.3283	1.2007	0.0000	0.0000	0.0000
0.3293	1.2266	0.0000	-0.0000	-0.0000
0.3304	1.2529	0.0000	0.0000	0.0000
0.3315	1.2798	0.0000	0.0000	0.0000
0.3326	1.3071	0.0000	0.0000	0.0000
0.3337	1.3349	0.0000	0.0000	0.0000
0.3348	1.3633	0.0000	0.0000	0.0000
0.3358	1.3922	0.0000	-0.0000	-0.0000
0.3369	1.4216	0.0000	0.0000	0.0000
0.3380	1.4516	0.0000	0.0000	0.0000
0.3391	1.4821	0.0000	0.0000	0.0000
0.3402	1.5132	0.0000	0.0000	0.0000
0.3413	1.5449	0.0000	0.0000	0.0000
0.3423	1.5771	0.0000	0.0000	0.0000
0.3434	1.6100	0.0000	0.0000	0.0000
0.3445	1.6434	0.0000	0.0000	0.0000
0.3456	1.6775	0.0000	-0.0000	-0.0000
0.3467	1.7122	0.0000	0.0000	0.0000
0.3478	1.7475	0.0000	0.0000	0.0000
0.3488	1.7835	0.0000	0.0000	0.0000
0.3499	1.8202	0.0000	0.0000	0.0000
0.3510	1.8575	0.0000	0.0000	0.0000
0.3521	1.8956	0.0000	0.0000	0.0000
0.3532	1.9343	0.0000	0.0000	0.0000
0.3543	1.9738	0.0000	0.0000	0.0000
0.3553	2.0139	0.0000	0.0000	0.0000
0.3564	2.0548	0.0000	0.0000	0.0000
0.3575	2.0965	0.0000	0.0000	0.0000
0.3586	2.1390	0.0000	0.0000	0.0000
0.3597	2.1822	0.0000	0.0000	0.0000
0.3608	2.2262	0.0000	0.0000	0.0000
0.3618	2.2710	0.0000	0.0000	0.0000
0.3629	2.3167	0.0000	0.0000	0.0000
0.3640	2.3632	0.0000	0.0000	0.0000
0.3651	2.4106	0.0000	0.0000	0.0000
0.3662	2.4588	0.0000	0.0000	0.0000
0.3673	2.5080	0.0000	-0.0000	-0.0000
0.3683	2.5580	0.0000	0.0000	0.0000
0.3694	2.6090	0.0000	0.0000	0.0000
0.3705	2.6610	0.0000	0.0000	0.0000
0.3716	2.7139	0.0000	0.0000	0.0000
0.3727	2.7677	0.0000	0.0000	0.0000
0.3738	2.8226	0.0000	0.0000	0.0000
0.3748	2.8785	0.0000	0.0000	0.0000
0.3759	2.9355	0.0000	0.0000	0.0000
0.3770	2.9935	0.0000	0.0000	0.0000
0.3781	3.0526	0.0000	0.0000	0.0000
0.3792	3.1129	0.0000	0.0000	0.0000
0.3803	3.1742	0.0000	0.0000	0.0000
0.3813	3.2367	0.0000	0.0000	0.0000
0.3824	3.3004	0.0000	0.0000	0.0000
0.3835	3.3653	0.0000	0.0000	0.0000
0.3846	3.4314	0.0000	0.0000	0.0000
0.3857	3.4988	0.0000	-0.0000	-0.0000
0.3868	3.5674	0.0000	0.0000	0.0000
0.3878	3.6373	0.0000	0.0000	0.0000
0.3889	3.7086	0.0000	0.0000	0.0000
0.3900	3.7813	0.0000	0.0000	0.0000
0.3911	3.8553	0.0000	0.0000	0.0000
0.3922	3.9307	0.0000	0.0000	0.0000
0.3933	4.0076	0.0000	0.0000	0.0000
0.3943	4.0860	0.0000	0.0000	0.0000
0.3954	4.1659	0.0000	0.0000	0.0000
0.3965	4.2474	0.0000	0.0000	0.0000
0.3976	4.3304	0.0000	0.0000	0.0000
0.3987	4.4150	0.0000	0.0000	0.0000
0.3998	4.5013	0.0000	0.0000	0.0000
0.4008	4.5893	0.0000	0.0000	0.0000
0.4019	4.6790	0.0000	0.0000	0.0000
0.4030	4.7704	0.0000	0.0000	0.0000
0.4041	4.8637	0.0000	0.0000	0.0000
0.4052	4.9588	0.0000	0.0000	0.0000
0.4063	5.0558	0.0000	0.0000	0.0000
0.4073	5.1547	0.0000	0.0000	0.0000
0.4084	5.2556	0.0000	0.0000	0.0000
0.4095	5.3586	0.0000	0.0000	0.0000
0.4106	5.4636	0.0000	0.0000	0.0000
0.4117	5.5707	0.0000	0.0000	0.0000
0.4128	5.6800	0.0000	0.0000	0.0000
0.4138	5.7915	0.0000	0.0000	0.0000
0.4149	5.9052	0.0000	0.0000	0.0000
0.4160	6.0213	0.0000	0.0000	0.0000
0.4171	6.1398	0.0000	0.0000	0.0000
0.4182	6.2607	0.0000	0.0000	0.0000
0.4193	6.3842	0.0000	0.0000	0.0000
0.4203	6.5102	0.0000	0.0000	0.0000
0.4214	6.6388	0.0000	0.0000	0.0000
0.4225	6.7701	0.0000	0.0000	0.0000
0.4236	6.9042	0.0000	0.0000	0.0000
0.4247	7.0411	0.0000	0.0000	0.0000
0.4258	7.1809	0.0000	0.0000	0.0000
0.4268	7.3237	0.0000	0.0000	0.0000
0.4279	7.4696	0.0000	0.0000	0.0000
0.4290	7.6186	0.0000	0.0000	0.0000
0.4301	7.7708	0.0000	0.0000	0.0000
0.4312	7.9263	0.0000	0.0000	0.0000
0.4323	8.0852	0.0000	0.0000	0.0000
0.4333	8.2476	0.0000	0.0000	0.0000
0.4344	8.4136	0.0000	0.0000	0.0000
0.4355	8.5832	0.0000	0.0000	0.0000
0.4366	8.7566	0.0000	0.0000	0.0000
0.4377	8.9339	0.0000	0.0000	0.0000
0.4388	9.1152	0.0000	0.0000	0.0000
0.4398	9.3005	0.0000	0.0000	0.0000
0.4409	9.4901	0.0000	0.0000	0.0000
0.4420	9.6840	0.0000	0.0000	0.0000
0.4431	9.8824	0.0000	0.0000	0.0000
0.4442	10.0853	0.0000	0.0000	0.0000
0.4453	10.2929	0.0000	0.0000	0.0000
0.4463	10.5054	0.0000	0.0000	0.0000
0.4474	10.7229	0.0000	0.0000	0.0000
0.4485	10.9455	0.0000	0.0000	0.0000
0.4496	11.1734	0.0000	0.0000	0.0000
0.4507	11.4067	0.0000	0.0000	0.0000
0.4518	11.6457	0.0000	0.0000	0.0000
0.4528	11.8904	0.0000	0.0000	0.0000
0.4539	12.1411	0.0000	0.0000	0.0000
0.4550	12.3979	0.0000	0.0000	0.0000
0.4561	12.6610	0.0000	0.0000	0.0000
0.4572	12.9306	0.0000	0.0000	0.0000
0.4583	13.2069	0.0000	0.0000	0.0000
0.4593	13.4902	0.0000	0.0000	0.0000
0.4604	13.7806	0.0000	0.0000	0.0000
0.4615	14.0784	0.0000	-0.0000	-0.0000
0.4626	14.3838	0.0000	0.0000	0.0000
0.4637	14.6970	0.0000	0.0000	0.0000
0.4648	15.0183	0.0000	0.0000	0.0000
0.4658	15.3480	0.0000	0.0000	0.0000
0.4669	15.6864	0.0000	0.0000	0.0000
0.4680	16.0336	0.0000	0.0000	0.0000
0.4691	16.3901	0.0000	0.0000	0.0000
0.4702	16.7560	0.0000	0.0000	0.0000
0.4713	17.1318	0.0000	0.0000	0.0000
0.4723	17.5177	0.0000	0.0000	0.0000
0.4734	17.9142	0.0000	0.0000	0.0000
0.4745	18.3214	0.0000	0.0000	0.0000
0.4756	18.7399	0.0000	0.0000	0.0000
0.4767	19.1700	0.0000	0.0000	0.0000
0.4778	19.6120	0.0000	0.0000	0.0000
0.4788	20.0665	0.0000	0.0000	0.0000
0.4799	20.5337	0.0000	0.0000	0.0000
0.4810	21.0141	0.0000	0.0000	0.0000
0.4821	21.5083	0.0000	0.0000	0.0000
0.4832	22.0165	0.0000	-0.0000	-0.0000
0.4843	22.5394	0.0000	0.0000	0.0000
0.4853	23.0774	0.0000	0.0000	0.0000
0.4864	23.6310	0.0000	0.0000	0.0000
0.4875	24.2008	0.0000	0.0000	0.0000
0.4886	24.7873	0.0000	0.0000	0.0000
0.4897	25.3910	0.0000	0.0000	0.0000
0.4908	26.0125	0.0000	0.0000	0.0000
0.4918	26.6523	0.0000	0.0000	0.0000
0.4929	27.3112	0.0000	0.0000	0.0000
0.4940	27.9896	0.0000	0.0000	0.0000
0.4951	28.6883	0.0000	0.0000	0.0000
0.4962	29.4077	0.0000	0.0000	0.0000
0.4973	30.1486	0.0000	0.0000	0.0000
0.4983	30.9116	0.0000	0.0000	0.0000
0.4994	31.6974	0.0000	0.0000	0.0000
0.5005	32.5065	0.0000	0.0000	0.0000
0.5016	33.3396	0.0000	0.0000	0.0000
0.5027	34.1973	0.0000	0.0000	0.0000
0.5038	35.0803	0.0000	0.0000	0.0000
0.5048	35.9891	0.0000	0.0000	0.0000
0.5059	36.9244	0.0000	-0.0000	-0.0000
0.5070	37.8866	0.0000	-0.0000	-0.0000
0.5081	38.8764	0.0000	0.0000	0.0000
0.5092	39.8941	0.0000	0.0000	0.0000
0.5103	40.9402	0.0000	0.0000	0.0000
0.5113	42.0150	0.0000	0.0000	0.0000
0.5124	43.1190	0.0000	0.0000	0.0000
0.5135	44.2522	0.0000	0.0000	0.0000
0.5146	45.4149	0.0000	0.0000	0.0000
0.5157	46.6071	0.0000	0.0000	0.0000
0.5168	47.8287	0.0000	0.0000	0.0000
0.5178	49.0795	0.0000	0.0000	0.0000
0.5189	50.3593	0.0000	0.0000	0.0000
0.5200	51.6676	0.0000	0.0000	0.0000
0.5211	53.0038	0.0000	0.0000	0.0000
0.5222	54.3673	0.0000	0.0000	0.0000
0.5233	55.7570	0.0000	0.0000	0.0000
0.5243	57.1720	0.0000	0.0000	0.0000
0.5254	58.6110	0.0000	0.0000	0.0000
0.5265	60.0727	0.0000	0.0000	0.0000
0.5276	61.5554	0.0000	0.0000	0.0000
0.5287	63.0575	0.0000	0.0000	0.0000
0.5298	64.5771	0.0000	0.0000	0.0000
0.5308	66.1121	0.0000	0.0000	0.0000
0.5319	67.6604	0.0000	0.0000	0.0000
0.5330	69.2198	0.0000	0.0000	0.0000
0.5341	70.7879	0.0000	0.0000	0.0000
0.5352	72.3622	0.0000	0.0000	0.0000
0.5363	73.9401	0.0000	0.0000	0.0000
0.5373	75.5193	0.0000	0.0000	0.0000
0.5384	77.0970	0.0000	0.0000	0.0000
0.5395	78.6709	0.0000	0.0000	0.0000
0.5406	80.2382	0.0000	0.0000	0.0000
0.5417	81.7967	0.0000	0.0000	0.0000
0.5428	83.3440	0.0000	0.0000	0.0000
0.5438	84.8777	0.0000	0.0000	0.0000
0.5449	86.3957	0.0000	0.0000	0.0000
0.5460	87.8961	0.0000	-0.0000	-0.0000
0.5471	89.3770	0.0000	0.0000	0.0000
0.5482	90.8366	0.0000	0.0000	0.0000
0.5493	92.2735	0.0000	0.0000	0.0000
0.5503	93.6862	0.0000	0.0000	0.0000
0.5514	95.0735	0.0000	0.0000	0.0000
0.5525	96.4344	0.0000	0.0000	0.0000
0.5536	97.7680	0.0000	0.0000	0.0000
0.5547	99.0736	0.0000	0.0000	0.0000
0.5558	100.3506	0.0000	0.0000	0.0000
0.5568	101.5986	0.0000	0.0000	0.0000
0.5579	102.8173	0.0000	0.0000	0.0000
0.5590	104.0066	0.0000	0.0000	0.0000
0.5601	105.1663	0.0000	0.0000	0.0000
0.5612	106.2966	0.0000	0.0000	0.0000
0.5623	107.3975	0.0000	0.0000	0.0000
0.5633	108.4694	0.0000	0.0000	0.0000
0.5644	109.5125	0.0000	0.0000	0.0000
0.5655	110.5272	0.0000	0.0000	0.0000
0.5666	111.5139	0.0000	0.0000	0.0000
0.5677	112.4732	0.0000	0.0000	0.0000
0.5688	113.4055	0.0000	0.0000	0.0000
0.5698	114.3113	0.0000	0.0000	0.0000
0.5709	115.1914	0.0000	0.0000	0.0000
0.5720	116.0461	0.0000	0.0000	0.0000
0.5731	116.8763	0.0000	0.0000	0.0000
0.5742	117.6825	0.0000	0.0000	0.0000
0.5753	118.4654	0.0000	0.0000	0.0000
0.5763	119.2255	0.0000	0.0000	0.0000
0.5774	119.9636	0.0000	0.0000	0.0000
0.5785	120.6802	0.0000	0.0000	0.0000
0.5796	121.3760	0.0000	0.0000	0.0000
0.5807	122.0516	0.0000	0.0000	0.0000
0.5818	122.7077	0.0000	0.0000	0.0000
0.5828	123.3448	0.0000	0.0000	0.0000
0.5839	123.9636	0.0000	0.0000	0.0000
0.5850	124.5645	0.0000	0.0000	0.0000
0.5861	125.1483	0.0000	0.0000	0.0000
0.5872	125.7153	0.0000	0.0000	0.0000
0.5883	126.2662	0.0000	0.0000	0.0000
0.5893	126.8015	0.0000	0.0000	0.0000
0.5904	127.3217	0.0000	0.0000	0.0000
0.5915	127.8273	0.0000	0.0000	0.0000
0.5926	128.3187	0.0000	0.0000	0.0000
0.5937	128.7965	0.0000	0.0000	0.0000
0.5948	129.2610	0.0000	0.0000	0.0000
0.5958	129.7128	0.0000	0.0000	0.0000
0.5969	130.1521	0.0000	0.0000	0.0000
0.5980	130.5795	0.0000	0.0000	0.0000
0.5991	130.9953	0.0000	0.0000	0.0000
0.6002	131.3999	0.0000	0.0000	0.0000
0.6013	131.7936	0.0000	0.0000	0.0000
0.6023	132.1769	0.0000	0.0000	0.0000
0.6034	132.5500	0.0000	0.0000	0.0000
0.6045	132.9132	0.0000	0.0000	0.0000
0.6056	133.2669	0.0000	-0.0000	-0.0000
0.6067	133.6114	0.0000	0.0000	0.0000
0.6078	133.9470	0.0000	0.0000	0.0000
0.6088	134.2739	0.0000	0.0000	0.0000
0.6099	134.5925	0.0000	-0.0000	-0.0000
0.6110	134.9029	0.0000	0.0000	0.0000
0.6121	135.2055	0.0000	0.0000	0.0000
0.6132	135.5005	0.0000	0.0000	0.0000
0.6143	135.7881	0.0000	0.0000	0.0000
0.6153	136.0685	0.0000	0.0000	0.0000
0.6164	136.3419	0.0000	0.0000	0.0000
0.6175	136.6087	0.0000	0.0000	0.0000
0.6186	136.8689	0.0000	0.0000	0.0000
0.6197	137.1227	0.0000	0.0000	0.0000
0.6208	137.3705	0.0000	0.0000	0.0000
0.6218	137.6122	0.0000	0.0000	0.0000
0.6229	137.8482	0.0000	0.0000	0.0000
0.6240	138.0785	0.0000	0.0000	0.0000
0.6251	138.3033	0.0000	0.0000	0.0000
0.6262	138.5229	0.0000	0.0000	0.0000
0.6273	138.7373	0.0000	0.0000	0.0000
0.6283	138.9466	0.0000	0.0000	0.0000
0.6294	139.1512	0.0000	0.0000	0.0000
0.6305	139.3509	0.0000	0.0000	0.0000
0.6316	139.5461	0.0000	0.0000	0.0000
0.6327	139.7368	0.0000	0.0000	0.0000
0.6338	139.9231	0.0000	0.0000	0.0000
0.6348	140.1052	0.0000	0.0000	0.0000
0.6359	140.2832	0.0000	0.0000	0.0000
0.6370	140.4572	0.0000	0.0000	0.0000
0.6381	140.6272	0.0000	0.0000	0.0000
0.6392	140.7935	0.0000	0.0000	0.0000
0.6403	140.9560	0.0000	0.0000	0.0000
0.6413	141.1150	0.0000	0.0000	0.0000
0.6424	141.2704	0.0000	0.0000	0.0000
0.6435	141.4224	0.0000	0.0000	0.0000
0.6446	141.5711	0.0000	0.0000	0.0000
0.6457	141.7165	0.0000	0.0000	0.0000
0.6468	141.8588	0.0000	0.0000	0.0000
0.6478	141.9980	0.0000	0.0000	0.0000
0.6489	142.1341	0.0000	0.0000	0.0000
0.6500	142.2674	0.0000	0.0000	0.0000
0.6511	142.3977	0.0000	0.0000	0.0000
0.6522	142.5253	0.0000	0.0000	0.0000
0.6533	142.6501	0.0000	0.0000	0.0000
0.6543	142.7723	0.0000	0.0000	0.0000
0.6554	142.8919	0.0000	0.0000	0.0000
0.6565	143.0089	0.0000	0.0000	0.0000
0.6576	143.1234	0.0000	0.0000	0.0000
0.6587	143.2356	0.0000	0.0000	0.0000
0.6598	143.3454	0.0000	0.0000	0.0000
0.6608	143.4528	0.0000	0.0000	0.0000
0.6619	143.5580	0.0000	0.0000	0.0000
0.6630	143.6610	0.0000	0.0000	0.0000
0.6641	143.7619	0.0000	0.0000	0.0000
0.6652	143.8606	0.0000	0.0000	0.0000
0.6663	143.9573	0.0000	0.0000	0.0000
0.6673	144.0520	0.0000	0.0000	0.0000
0.6684	144.1447	0.0000	0.0000	0.0000
0.6695	144.2355	0.0000	0.0000	0.0000
0.6706	144.3244	0.0000	0.0000	0.0000
0.6717	144.4115	0.0000	0.0000	0.0000
0.6728	144.4967	0.0000	0.0000	0.0000
0.6738	144.5802	0.0000	-0.0000	-0.0000
0.6749	144.6620	0.0000	0.0000	0.0000
0.6760	144.7420	0.0000	0.0000	0.0000
0.6771	144.8205	0.0000	0.0000	0.0000
0.6782	144.8973	0.0000	0.0000	0.0000
0.6793	144.9725	0.0000	0.0000	0.0000
0.6803	145.0461	0.0000	0.0000	0.0000
0.6814	145.1183	0.0000	0.0000	0.0000
0.6825	145.1889	0.0000	0.0000	0.0000
0.6836	145.2581	0.0000	0.0000	0.0000
0.6847	145.3259	0.0000	0.0000	0.0000
0.6858	145.3922	0.0000	0.0000	0.0000
0.6868	145.4572	0.0000	0.0000	0.0000
0.6879	145.5209	0.0000	0.0000	0.0000
0.6890	145.5832	0.0000	0.0000	0.0000
0.6901	145.6442	0.0000	0.0000	0.0000
0.6912	145.7039	0.0000	0.0000	0.0000
0.6923	145.7624	0.0000	0.0000	0.0000
0.6933	145.8197	0.0000	0.0000	0.0000
0.6944	145.8758	0.0000	0.0000	0.0000
0.6955	145.9307	0.0000	0.0000	0.0000
0.6966	145.9845	0.0000	0.0000	0.0000
0.6977	146.0371	0.0000	0.0000	0.0000
0.6988	146.0886	0.0000	-0.0000	-0.0000
0.6998	146.1391	0.0000	0.0000	0.0000
0.7009	146.1884	0.0000	0.0000	0.0000
0.7020	146.2367	0.0000	0.0000	0.0000
0.7031	146.2840	0.0000	-0.0000	-0.0000
0.7042	146.3303	0.0000	0.0000	0.0000
0.7053	146.3755	0.0000	0.0000	0.0000
0.7063	146.4198	0.0000	0.0000	0.0000
0.7074	146.4632	0.0000	0.0000	0.0000
0.7085	146.5056	0.0000	0.0000	0.0000
0.7096	146.5471	0.0000	0.0000	0.0000
0.7107	146.5876	0.0000	0.0000	0.0000
0.7118	146.6273	0.0000	0.0000	0.0000
0.7128	146.6661	0.0000	0.0000	0.0000
0.7139	146.7041	0.0000	0.0000	0.0000
0.7150	146.7412	0.0000	0.0000	0.0000
0.7161	146.7774	0.0000	0.0000	0.0000
0.7172	146.8129	0.0000	0.0000	0.0000
0.7183	146.8475	0.0000	0.0000	0.0000
0.7193	146.8814	0.0000	0.0000	0.0000
0.7204	146.9144	0.0000	0.0000	0.0000
0.7215	146.9467	0.0000	0.0000	0.0000
0.7226	146.9783	0.0000	0.0000	0.0000
0.7237	147.0091	0.0000	0.0000	0.0000
0.7248	147.0392	0.0000	0.0000	0.0000
0.7258	147.0686	0.0000	0.0000	0.0000
0.7269	147.0973	0.0000	0.0000	0.0000
0.7280	147.1253	0.0000	0.0000	0.0000
0.7291	147.1526	0.0000	0.0000	0.0000
0.7302	147.1792	0.0000	0.0000	0.0000
0.7313	147.2052	0.0000	0.0000	0.0000
0.7323	147.2305	0.0000	0.0000	0.0000
0.7334	147.2552	0.0000	0.0000	0.0000
0.7345	147.2793	0.0000	0.0000	0.0000
0.7356	147.3027	0.0000	0.0000	0.0000
0.7367	147.3256	0.0000	0.0000	0.0000
0.7378	147.3478	0.0000	0.0000	0.0000
0.7388	147.3695	0.0000	0.0000	0.0000
0.7399	147.3905	0.0000	0.0000	0.0000
0.7410	147.4110	0.0000	0.0000	0.0000
0.7421	147.4310	0.0000	0.0000	0.0000
0.7432	147.4504	0.0000	0.0000	0.0000
0.7443	147.4692	0.0000	0.0000	0.0000
0.7453	147.4875	0.0000	0.0000	0.0000
0.7464	147.5053	0.0000	0.0000	0.0000
0.7475	147.5225	0.0000	0.0000	0.0000
0.7486	147.5393	0.0000	0.0000	0.0000
0.7497	147.5555	0.0000	0.0000	0.0000
0.7508	147.5712	0.0000	0.0000	0.0000
0.7518	147.5865	0.0000	0.0000	0.0000
0.7529	147.6012	0.0000	0.0000	0.0000
0.7540	147.6155	0.0000	0.0000	0.0000
0.7551	147.6293	0.0000	0.0000	0.0000
0.7562	147.6427	0.0000	0.0000	0.0000
0.7573	147.6556	0.0000	0.0000	0.0000
0.7583	147.6680	0.0000	0.0000	0.0000
0.7594	147.6800	0.0000	0.0000	0.0000
0.7605	147.6916	0.0000	0.0000	0.0000
0.7616	147.7027	0.0000	0.0000	0.0000
0.7627	147.7134	0.0000	0.0000	0.0000
0.7638	147.7237	0.0000	0.0000	0.0000
0.7648	147.7336	0.0000	0.0000	0.0000
0.7659	147.7431	0.0000	0.0000	0.0000
0.7670	147.7521	0.0000	0.0000	0.0000
0.7681	147.7608	0.0000	0.0000	0.0000
0.7692	147.7691	0.0000	0.0000	0.0000
0.7703	147.7770	0.0000	0.0000	0.0000
0.7713	147.7845	0.0000	0.0000	0.0000
0.7724	147.7916	0.0000	0.0000	0.0000
0.7735	147.7984	0.0000	0.0000	0.0000
0.7746	147.8048	0.0000	0.0000	0.0000
0.7757	147.8109	0.0000	0.0000	0.0000
0.7768	147.8165	0.0000	0.0000	0.0000
0.7778	147.8219	0.0000	0.0000	0.0000
0.7789	147.8269	0.0000	0.0000	0.0000
0.7800	147.8315	0.0000	0.0000	0.0000
0.7811	147.8359	0.0000	0.0000	0.0000
0.7822	147.8398	0.0000	0.0000	0.0000
0.7833	147.8435	0.0000	0.0000	0.0000
0.7843	147.8468	0.0000	0.0000	0.0000
0.7854	147.8499	0.0000	0.0000	0.0000
0.7865	147.8526	0.0000	0.0000	0.0000
0.7876	147.8549	0.0000	0.0000	0.0000
0.7887	147.8570	0.0000	0.0000	0.0000
0.7898	147.8588	0.0000	0.0000	0.0000
0.7908	147.8603	0.0000	0.0000	0.0000
0.7919	147.8615	0.0000	0.0000	0.0000
0.7930	147.8624	0.0000	0.0000	0.0000
0.7941	147.8630	0.0000	0.0000	0.0000
0.7952	147.8633	0.0000	0.0000	0.0000
0.7963	147.8633	0.0000	0.0000	0.0000
0.7973	147.8631	0.0000	0.0000	0.0000
0.7984	147.8626	0.0000	0.0000	0.0000
0.7995	147.8618	0.0000	0.0000	0.0000
0.8006	147.8608	0.0000	0.0000	0.0000
0.8017	147.8595	0.0000	0.0000	0.0000
0.8028	147.8579	0.0000	0.0000	0.0000
0.8038	147.8561	0.0000	0.0000	0.0000
0.8049	147.8540	0.0000	0.0000	0.0000
0.8060	147.8517	0.0000	0.0000	0.0000
0.8071	147.8491	0.0000	0.0000	0.0000
0.8082	147.8463	0.0000	0.0000	0.0000
0.8093	147.8432	0.0000	0.0000	0.0000
0.8103	147.8399	0.0000	0.0000	0.0000
0.8114	147.8363	0.0000	0.0000	0.0000
0.8125	147.8326	0.0000	0.0000	0.0000
0.8136	147.8286	0.0000	0.0000	0.0000
0.8147	147.8243	0.0000	0.0000	0.0000
0.8158	147.8199	0.0000	0.0000	0.0000
0.8168	147.8152	0.0000	0.0000	0.0000
0.8179	147.8103	0.0000	-0.0000	-0.0000
0.8190	147.8052	0.0000	0.0000	0.0000
0.8201	147.7998	0.0000	0.0000	0.0000
0.8212	147.7943	0.0000	0.0000	0.0000
0.8223	147.7885	0.0000	0.0000	0.0000
0.8233	147.7826	0.0000	-0.0000	-0.0000
0.8244	147.7764	0.0000	0.0000	0.0000
0.8255	147.7701	0.0000	0.0000	0.0000
0.8266	147.7635	0.0000	0.0000	0.0000
0.8277	147.7567	0.0000	0.0000	0.0000
0.8288	147.7498	0.0000	0.0000	0.0000
0.8298	147.7426	0.0000	0.0000	0.0000
0.8309	147.7353	0.0000	0.0000	0.0000
0.8320	147.7277	0.0000	0.0000	0.0000
0.8331	147.7200	0.0000	0.0000	0.0000
0.8342	147.7121	0.0000	0.0000	0.0000
0.8353	147.7040	0.0000	0.0000	0.0000
0.8363	147.6958	0.0000	0.0000	0.0000
0.8374	147.6873	0.0000	0.0000	0.0000
0.8385	147.6787	0.0000	0.0000	0.0000
0.8396	147.6699	0.0000	0.0000	0.0000
0.8407	147.6609	0.0000	0.0000	0.0000
0.8418	147.6518	0.0000	0.0000	0.0000
0.8428	147.6425	0.0000	0.0000	0.0000
0.8439	147.6330	0.0000	0.0000	0.0000
0.8450	147.6233	0.0000	0.0000	0.0000
0.8461	147.6135	0.0000	0.0000	0.0000
0.8472	147.6036	0.0000	0.0000	0.0000
0.8483	147.5935	0.0000	0.0000	0.0000
0.8493	147.5832	0.0000	0.0000	0.0000
0.8504	147.5727	0.0000	0.0000	0.0000
0.8515	147.5621	0.0000	0.0000	0.0000
0.8526	147.5514	0.0000	0.0000	0.0000
0.8537	147.5405	0.0000	0.0000	0.0000
0.8548	147.5294	0.0000	0.0000	0.0000
0.8558	147.5182	0.0000	0.0000	0.0000
0.8569	147.5069	0.0000	0.0000	0.0000
0.8580	147.4954	0.0000	0.0000	0.0000
0.8591	147.4838	0.0000	0.0000	0.0000
0.8602	147.4720	0.0000	-0.0000	-0.0000
0.8613	147.4601	0.0000	-0.0000	-0.0000
0.8623	147.4481	0.0000	0.0000	0.0000
0.8634	147.4359	0.0000	0.0000	0.0000
0.8645	147.4235	0.0000	0.0000	0.0000
0.8656	147.4111	0.0000	0.0000	0.0000
0.8667	147.3985	0.0000	0.0000	0.0000
0.8678	147.3858	0.0000	0.0000	0.0000
0.8688	147.3729	0.0000	0.0000	0.0000
0.8699	147.3599	0.0000	0.0000	0.0000
0.8710	147.3468	0.0000	0.0000	0.0000
0.8721	147.3336	0.0000	0.0000	0.0000
0.8732	147.3202	0.0000	0.0000	0.0000
0.8743	147.3067	0.0000	0.0000	0.0000
0.8753	147.2931	0.0000	0.0000	0.0000
0.8764	147.2794	0.0000	0.0000	0.0000
0.8775	147.2656	0.0000	0.0000	0.0000
0.8786	147.2516	0.0000	0.0000	0.0000
0.8797	147.2375	0.0000	0.0000	0.0000
0.8808	147.2233	0.0000	0.0000	0.0000
0.8818	147.2090	0.0000	0.0000	0.0000
0.8829	147.1946	0.0000	0.0000	0.0000
0.8840	147.1800	0.0000	0.0000	0.0000
0.8851	147.1654	0.0000	0.0000	0.0000
0.8862	147.1506	0.0000	-0.0000	-0.0000
0.8873	147.1357	0.0000	0.0000	0.0000
0.8883	147.1208	0.0000	0.0000	0.0000
0.8894	147.1057	0.0000	0.0000	0.0000
0.8905	147.0905	0.0000	0.0000	0.0000
0.8916	147.0752	0.0000	0.0000	0.0000
0.8927	147.0598	0.0000	0.0000	0.0000
0.8938	147.0443	0.0000	0.0000	0.0000
0.8948	147.0287	0.0000	0.0000	0.0000
0.8959	147.0130	0.0000	0.0000	0.0000
0.8970	146.9972	0.0000	0.0000	0.0000
0.8981	146.9813	0.0000	0.0000	0.0000
0.8992	146.9653	0.0000	0.0000	0.0000
0.9003	146.9492	0.0000	0.0000	0.0000
0.9013	146.9330	0.0000	0.0000	0.0000
0.9024	146.9167	0.0000	0.0000	0.0000
0.9035	146.9003	0.0000	0.0000	0.0000
0.9046	146.8838	0.0000	0.0000	0.0000
0.9057	146.8672	0.0000	0.0000	0.0000
0.9068	146.8506	0.0000	0.0000	0.0000
0.9078	146.8338	0.0000	0.0000	0.0000
0.9089	146.8170	0.0000	0.0000	0.0000
0.9100	146.8000	0.0000	0.0000	0.0000
0.9111	146.7830	0.0000	0.0000	0.0000
0.9122	146.7659	0.0000	0.0000	0.0000
0.9133	146.7487	0.0000	0.0000	0.0000
0.9143	146.7314	0.0000	0.0000	0.0000
0.9154	146.7141	0.0000	0.0000	0.0000
0.9165	146.6966	0.0000	0.0000	0.0000
0.9176	146.6791	0.0000	0.0000	0.0000
0.9187	146.6615	0.0000	0.0000	0.0000
0.9198	146.6438	0.0000	0.0000	0.0000
0.9208	146.6260	0.0000	0.0000	0.0000
0.9219	146.6082	0.0000	0.0000	0.0000
0.9230	146.5903	0.0000	0.0000	0.0000
0.9241	146.5722	0.0000	0.0000	0.0000
0.9252	146.5542	0.0000	0.0000	0.0000
0.9263	146.5360	0.0000	0.0000	0.0000
0.9273	146.5178	0.0000	0.0000	0.0000
0.9284	146.4994	0.0000	0.0000	0.0000
0.9295	146.4811	0.0000	0.0000	0.0000
0.9306	146.4626	0.0000	0.0000	0.0000
0.9317	146.4441	0.0000	0.0000	0.0000
0.9328	146.4254	0.0000	0.0000	0.0000
0.9338	146.4068	0.0000	0.0000	0.0000
0.9349	146.3880	0.0000	0.0000	0.0000
0.9360	146.3692	0.0000	0.0000	0.0000
0.9371	146.3503	0.0000	0.0000	0.0000
0.9382	146.3313	0.0000	0.0000	0.0000
0.9393	146.3123	0.0000	0.0000	0.0000
0.9403	146.2932	0.0000	0.0000	0.0000
0.9414	146.2741	0.0000	0.0000	0.0000
0.9425	146.2548	0.0000	0.0000	0.0000
0.9436	146.2355	0.0000	0.0000	0.0000
0.9447	146.2162	0.0000	0.0000	0.0000
0.9458	146.1967	0.0000	0.0000	0.0000
0.9468	146.1773	0.0000	0.0000	0.0000
0.9479	146.1577	0.0000	0.0000	0.0000
0.9490	146.1381	0.0000	0.0000	0.0000
0.9501	146.1184	0.0000	0.0000	0.0000
0.9512	146.0987	0.0000	0.0000	0.0000
0.9523	146.0789	0.0000	0.0000	0.0000
0.9533	146.0590	0.0000	0.0000	0.0000
0.9544	146.0391	0.0000	0.0000	0.0000
0.9555	146.0191	0.0000	0.0000	0.0000
0.9566	145.9991	0.0000	0.0000	0.0000
0.9577	145.9790	0.0000	0.0000	0.0000
0.9588	145.9588	0.0000	0.0000	0.0000
0.9598	145.9386	0.0000	0.0000	0.0000
0.9609	145.9183	0.0000	-0.0000	-0.0000
0.9620	145.8980	0.0000	0.0000	0.0000
0.9631	145.8776	0.0000	0.0000	0.0000
0.9642	145.8572	0.0000	0.0000	0.0000
0.9653	145.8367	0.0000	0.0000	0.0000
0.9663	145.8161	0.0000	0.0000	0.0000
0.9674	145.7955	0.0000	0.0000	0.0000
0.9685	145.7749	0.0000	0.0000	0.0000
0.9696	145.7542	0.0000	0.0000	0.0000
0.9707	145.7334	0.0000	0.0000	0.0000
0.9718	145.7126	0.0000	0.0000	0.0000
0.9728	145.6918	0.0000	0.0000	0.0000
0.9739	145.6708	0.0000	0.0000	0.0000
0.9750	145.6499	0.0000	0.0000	0.0000
0.9761	145.6289	0.0000	0.0000	0.0000
0.9772	145.6078	0.0000	0.0000	0.0000
0.9783	145.5867	0.0000	0.0000	0.0000
0.9793	145.5655	0.0000	0.0000	0.0000
0.9804	145.5443	0.0000	0.0000	0.0000
0.9815	145.9769	0.0000	0.0000	0.0000
0.9826	145.9531	0.0000	0.0000	0.0000
0.9837	145.9292	0.0000	0.0000	0.0000
0.9848	145.9053	0.0000	0.0000	0.0000
0.9858	145.8814	0.0000	0.0000	0.0000
0.9869	145.8575	0.0000	0.0000	0.0000
0.9880	145.8335	0.0000	0.0000	0.0000
0.9891	145.8095	0.0000	0.0000	0.0000
0.9902	145.7854	0.0000	0.0000	0.0000
0.9913	145.7614	0.0000	0.0000	0.0000
0.9923	145.7372	0.0000	0.0000	0.0000
0.9934	145.7131	0.0000	0.0000	0.0000
0.9945	145.6889	0.0000	0.0000	0.0000
0.9956	145.6647	0.0000	0.0000	0.0000
0.9967	145.6404	0.0000	0.0000	0.0000
0.9978	145.6161	0.0000	-0.0000	-0.0000
0.9988	145.5918	0.0000	0.0000	0.0000
0.9999	145.5675	0.0000	0.0000	0.0000
1.0010	145.5431	0.0000	0.0000	0.0000
1.0021	145.5187	0.0000	0.0000	0.0000
1.0032	145.4942	0.0000	0.0000	0.0000
1.0043	145.4698	0.0000	0.0000	0.0000
1.0053	145.4452	0.0000	0.0000	0.0000
1.0064	145.4207	0.0000	0.0000	0.0000
1.0075	145.3961	0.0000	0.0000	0.0000
1.0086	145.3715	0.0000	0.0000	0.0000
1.0097	145.3469	0.0000	0.0000	0.0000
1.0108	145.3223	0.0000	0.0000	0.0000
1.0118	145.2976	0.0000	0.0000	0.0000
1.0129	145.2729	0.0000	0.0000	0.0000
1.0140	145.2481	0.0000	0.0000	0.0000
1.0151	145.2234	0.0000	0.0000	0.0000
1.0162	145.1986	0.0000	0.0000	0.0000
1.0173	145.1737	0.0000	0.0000	0.0000
1.0183	145.1489	0.0000	0.0000	0.0000
1.0194	145.1240	0.0000	0.0000	0.0000
1.0205	145.0991	0.0000	0.0000	0.0000
1.0216	145.0742	0.0000	0.0000	0.0000
1.0227	145.0492	0.0000	0.0000	0.0000
1.0238	145.0242	0.0000	0.0000	0.0000
1.0248	144.9992	0.0000	0.0000	0.0000
1.0259	144.9742	0.0000	0.0000	0.0000
1.0270	144.9491	0.0000	0.0000	0.0000
1.0281	144.9240	0.0000	0.0000	0.0000
1.0292	144.8989	0.0000	0.0000	0.0000
1.0303	144.8738	0.0000	0.0000	0.0000
1.0313	144.8486	0.0000	0.0000	0.0000
1.0324	144.8234	0.0000	0.0000	0.0000
1.0335	144.7982	0.0000	0.0000	0.0000
1.0346	144.7730	0.0000	0.0000	0.0000
1.0357	144.7477	0.0000	0.0000	0.0000
1.0368	144.7225	0.0000	0.0000	0.0000
1.0378	144.6972	0.0000	0.0000	0.0000
1.0389	144.6718	0.0000	0.0000	0.0000
1.0400	144.6465	0.0000	0.0000	0.0000
1.0411	144.6211	0.0000	0.0000	0.0000
1.0422	144.5957	0.0000	-0.0000	-0.0000
1.0433	144.5703	0.0000	0.0000	0.0000
1.0443	144.5449	0.0000	0.0000	0.0000
1.0454	144.5194	0.0000	0.0000	0.0000
1.0465	144.4939	0.0000	0.0000	0.0000
1.0476	144.4685	0.0000	0.0000	0.0000
1.0487	144.4429	0.0000	0.0000	0.0000
1.0498	144.4174	0.0000	0.0000	0.0000
1.0508	144.3918	0.0000	0.0000	0.0000
1.0519	144.3663	0.0000	-0.0000	-0.0000
1.0530	144.3406	0.0000	0.0000	0.0000
1.0541	144.3150	0.0000	0.0000	0.0000
1.0552	144.2894	0.0000	0.0000	0.0000
1.0563	144.2637	0.0000	0.0000	0.0000
1.0573	144.2381	0.0000	0.0000	0.0000
1.0584	144.2124	0.0000	0.0000	0.0000
1.0595	144.1866	0.0000	0.0000	0.0000
1.0606	144.1609	0.0000	0.0000	0.0000
1.0617	144.1351	0.0000	0.0000	0.0000
1.0628	144.1094	0.0000	0.0000	0.0000
1.0638	144.0836	0.0000	0.0000	0.0000
1.0649	144.0578	0.0000	0.0000	0.0000
1.0660	144.0319	0.0000	0.0000	0.0000
1.0671	144.0061	0.0000	0.0000	0.0000
1.0682	143.9802	0.0000	0.0000	0.0000
1.0693	143.9544	0.0000	0.0000	0.0000
1.0703	143.9285	0.0000	0.0000	0.0000
1.0714	143.9026	0.0000	0.0000	0.0000
1.0725	143.8766	0.0000	0.0000	0.0000
1.0736	143.8507	0.0000	0.0000	0.0000
1.0747	143.8247	0.0000	0.0000	0.0000
1.0758	143.7987	0.0000	0.0000	0.0000
1.0768	143.7727	0.0000	0.0000	0.0000
1.0779	143.7467	0.0000	0.0000	0.0000
1.0790	143.7207	0.0000	-0.0000	-0.0000
1.0801	143.6947	0.0000	0.0000	0.0000
1.0812	143.6686	0.0000	0.0000	0.0000
1.0823	143.6425	0.0000	0.0000	0.0000
1.0833	143.6165	0.0000	0.0000	0.0000
1.0844	143.5904	0.0000	0.0000	0.0000
1.0855	143.5642	0.0000	0.0000	0.0000
1.0866	143.5381	0.0000	0.0000	0.0000
1.0877	143.5120	0.0000	0.0000	0.0000
1.0888	143.4858	0.0000	0.0000	0.0000
1.0898	143.4596	0.0000	0.0000	0.0000
1.0909	143.4334	0.0000	0.0000	0.0000
1.0920	143.4072	0.0000	0.0000	0.0000
1.0931	143.3810	0.0000	0.0000	0.0000
1.0942	143.3548	0.0000	0.0000	0.0000
1.0952	143.3285	0.0000	0.0000	0.0000
1.0963	143.3023	0.0000	0.0000	0.0000
1.0974	143.2760	0.0000	0.0000	0.0000
1.0985	143.2497	0.0000	0.0000	0.0000
1.0996	143.2234	0.0000	0.0000	0.0000
1.1007	143.1971	0.0000	0.0000	0.0000
1.1017	143.1708	0.0000	0.0000	0.0000
1.1028	143.1445	0.0000	0.0000	0.0000
1.1039	143.1181	0.0000	0.0000	0.0000
1.1050	143.0918	0.0000	0.0000	0.0000
1.1061	143.0654	0.0000	0.0000	0.0000
1.1072	143.0390	0.0000	0.0000	0.0000
1.1082	143.0126	0.0000	0.0000	0.0000
1.1093	142.9862	0.0000	0.0000	0.0000
1.1104	142.9598	0.0000	0.0000	0.0000
1.1115	142.9334	0.0000	0.0000	0.0000
1.1126	142.9070	0.0000	0.0000	0.0000
1.1137	142.8805	0.0000	0.0000	0.0000
1.1147	142.8540	0.0000	0.0000	0.0000
1.1158	142.8276	0.0000	0.0000	0.0000
1.1169	142.8011	0.0000	0.0000	0.0000
1.1180	142.7746	0.0000	0.0000	0.0000
1.1191	142.7481	0.0000	0.0000	0.0000
1.1202	142.7216	0.0000	0.0000	0.0000
1.1212	142.6951	0.0000	0.0000	0.0000
1.1223	142.6685	0.0000	0.0000	0.0000
1.1234	142.6420	0.0000	0.0000	0.0000
1.1245	142.6154	0.0000	0.0000	0.0000
1.1256	142.5889	0.0000	0.0000	0.0000
1.1267	142.5623	0.0000	0.0000	0.0000
1.1277	142.5357	0.0000	0.0000	0.0000
1.1288	142.5091	0.0000	0.0000	0.0000
1.1299	142.4825	0.0000	0.0000	0.0000
1.1310	142.4559	0.0000	0.0000	0.0000
1.1321	142.4293	0.0000	0.0000	0.0000
1.1332	142.4027	0.0000	0.0000	0.0000
1.1342	142.3760	0.0000	0.0000	0.0000
1.1353	142.3494	0.0000	0.0000	0.0000
1.1364	142.3227	0.0000	0.0000	0.0000
1.1375	142.2960	0.0000	0.0000	0.0000
1.1386	142.2694	0.0000	0.0000	0.0000
1.1397	142.2427	0.0000	0.0000	0.0000
1.1407	142.2160	0.0000	-0.0000	-0.0000
1.1418	142.1893	0.0000	0.0000	0.0000
1.1429	142.1626	0.0000	0.0000	0.0000
1.1440	142.1359	0.0000	0.0000	0.0000
1.1451	142.1092	0.0000	0.0000	0.0000
1.1462	142.0825	0.0000	0.0000	0.0000
1.1472	142.0557	0.0000	0.0000	0.0000
1.1483	142.0290	0.0000	0.0000	0.0000
1.1494	142.0022	0.0000	0.0000	0.0000
1.1505	141.9755	0.0000	0.0000	0.0000
1.1516	141.9487	0.0000	0.0000	0.0000
1.1527	141.9219	0.0000	0.0000	0.0000
1.1537	141.8952	0.0000	0.0000	0.0000
1.1548	141.8684	0.0000	0.0000	0.0000
1.1559	141.8416	0.0000	-0.0000	-0.0000
1.1570	141.8148	0.0000	0.0000	0.0000
1.1581	141.7880	0.0000	0.0000	0.0000
1.1592	141.7612	0.0000	0.0000	0.0000
1.1602	141.7343	0.0000	0.0000	0.0000
1.1613	141.7075	0.0000	0.0000	0.0000
1.1624	141.6807	0.0000	0.0000	0.0000
1.1635	141.6539	0.0000	0.0000	0.0000
1.1646	141.6270	0.0000	0.0000	0.0000
1.1657	141.6002	0.0000	0.0000	0.0000
1.1667	141.5733	0.0000	0.0000	0.0000
1.1678	141.5464	0.0000	0.0000	0.0000
1.1689	141.5196	0.0000	0.0000	0.0000
1.1700	141.4927	0.0000	0.0000	0.0000
1.1711	141.4658	0.0000	0.0000	0.0000
1.1722	141.4389	0.0000	0.0000	0.0000
1.1732	141.4121	0.0000	0.0000	0.0000
1.1743	141.3852	0.0000	0.0000	0.0000
1.1754	141.3583	0.0000	0.0000	0.0000
1.1765	141.3314	0.0000	0.0000	0.0000
1.1776	141.3045	0.0000	0.0000	0.0000
1.1787	141.2775	0.0000	0.0000	0.0000
1.1797	141.2506	0.0000	0.0000	0.0000
1.1808	141.2237	0.0000	0.0000	0.0000
1.1819	141.1968	0.0000	0.0000	0.0000
1.1830	141.1698	0.0000	0.0000	0.0000
1.1841	141.1429	0.0000	0.0000	0.0000
1.1852	141.1160	0.0000	0.0000	0.0000
1.1862	141.0890	0.0000	0.0000	0.0000
1.1873	141.0621	0.0000	0.0000	0.0000
1.1884	141.0351	0.0000	0.0000	0.0000
1.1895	141.0082	0.0000	0.0000	0.0000
1.1906	140.9812	0.0000	0.0000	0.0000
1.1917	140.9542	0.0000	0.0000	0.0000
1.1927	140.9273	0.0000	0.0000	0.0000
1.1938	140.9003	0.0000	0.0000	0.0000
1.1949	140.8733	0.0000	0.0000	0.0000
1.1960	140.8463	0.0000	0.0000	0.0000
1.1971	140.8193	0.0000	0.0000	0.0000
1.1982	140.7924	0.0000	0.0000	0.0000
1.1992	140.7654	0.0000	0.0000	0.0000
1.2003	140.7384	0.0000	0.0000	0.0000
1.2014	140.7114	0.0000	0.0000	0.0000
1.2025	140.6844	0.0000	0.0000	0.0000
1.2036	140.6574	0.0000	0.0000	0.0000
1.2047	140.6304	0.0000	0.0000	0.0000
1.2057	140.6033	0.0000	0.0000	0.0000
1.2068	140.5763	0.0000	0.0000	0.0000
1.2079	140.5493	0.0000	0.0000	0.0000
1.2090	140.5223	0.0000	0.0000	0.0000
1.2101	140.4953	0.0000	0.0000	0.0000
1.2112	140.4682	0.0000	0.0000	0.0000
1.2122	140.4412	0.0000	0.0000	0.0000
1.2133	140.4142	0.0000	0.0000	0.0000
1.2144	140.3872	0.0000	0.0000	0.0000
1.2155	140.3601	0.0000	0.0000	0.0000
1.2166	140.3331	0.0000	0.0000	0.0000
1.2177	140.3060	0.0000	0.0000	0.0000
1.2187	140.2790	0.0000	-0.0000	-0.0000
1.2198	140.2520	0.0000	0.0000	0.0000
1.2209	140.2249	0.0000	0.0000	0.0000
1.2220	140.1979	0.0000	0.0000	0.0000
1.2231	140.1708	0.0000	0.0000	0.0000
1.2242	140.1438	0.0000	0.0000	0.0000
1.2252	140.1167	0.0000	0.0000	0.0000
1.2263	140.0897	0.0000	0.0000	0.0000
1.2274	140.0626	0.0000	0.0000	0.0000
1.2285	140.0355	0.0000	0.0000	0.0000
1.2296	140.0085	0.0000	0.0000	0.0000
1.2307	139.9814	0.0000	0.0000	0.0000
1.2317	139.9544	0.0000	0.0000	0.0000
1.2328	139.9273	0.0000	0.0000	0.0000
1.2339	139.9002	0.0000	0.0000	0.0000
1.2350	139.8732	0.0000	0.0000	0.0000
1.2361	139.8461	0.0000	0.0000	0.0000
1.2372	139.8190	0.0000	0.0000	0.0000
1.2382	139.7919	0.0000	0.0000	0.0000
1.2393	139.7649	0.0000	0.0000	0.0000
1.2404	139.7378	0.0000	0.0000	0.0000
1.2415	139.7107	0.0000	0.0000	0.0000
1.2426	139.6837	0.0000	0.0000	0.0000
1.2437	139.6566	0.0000	0.0000	0.0000
1.2447	139.6295	0.0000	0.0000	0.0000
1.2458	139.6024	0.0000	0.0000	0.0000
1.2469	139.5753	0.0000	0.0000	0.0000
1.2480	139.5483	0.0000	-0.0000	-0.0000
1.2491	139.5212	0.0000	0.0000	0.0000
1.2502	139.4941	0.0000	0.0000	0.0000
1.2512	139.4670	0.0000	0.0000	0.0000
1.2523	139.4399	0.0000	0.0000	0.0000
1.2534	139.4129	0.0000	-0.0000	-0.0000
1.2545	139.3858	0.0000	0.0000	0.0000
1.2556	139.3587	0.0000	-0.0000	-0.0000
1.2567	139.3316	0.0000	0.0000	0.0000
1.2577	139.3045	0.0000	0.0000	0.0000
1.2588	139.2774	0.0000	0.0000	0.0000
1.2599	139.2504	0.0000	0.0000	0.0000
1.2610	139.2233	0.0000	0.0000	0.0000
1.2621	139.1962	0.0000	0.0000	0.0000
1.2632	139.1691	0.0000	0.0000	0.0000
1.2642	139.1420	0.0000	0.0000	0.0000
1.2653	139.1150	0.0000	0.0000	0.0000
1.2664	139.0879	0.0000	-0.0000	-0.0000
1.2675	139.0608	0.0000	0.0000	0.0000
1.2686	139.0337	0.0000	0.0000	0.0000
1.2697	139.0066	0.0000	0.0000	0.0000
1.2707	138.9795	0.0000	0.0000	0.0000
1.2718	138.9525	0.0000	0.0000	0.0000
1.2729	138.9254	0.0000	0.0000	0.0000
1.2740	138.8983	0.0000	0.0000	0.0000
1.2751	138.8712	0.0000	0.0000	0.0000
1.2762	138.8441	0.0000	0.0000	0.0000
1.2772	138.8171	0.0000	0.0000	0.0000
1.2783	138.7900	0.0000	0.0000	0.0000
1.2794	138.7629	0.0000	0.0000	0.0000
1.2805	138.7358	0.0000	0.0000	0.0000
1.2816	138.7088	0.0000	0.0000	0.0000
1.2827	138.6817	0.0000	0.0000	0.0000
1.2837	138.6546	0.0000	-0.0000	-0.0000
1.2848	138.6276	0.0000	0.0000	0.0000
1.2859	138.6005	0.0000	0.0000	0.0000
1.2870	138.5734	0.0000	0.0000	0.0000
1.2881	138.5463	0.0000	0.0000	0.0000
1.2892	138.5193	0.0000	0.0000	0.0000
1.2902	138.4922	0.0000	0.0000	0.0000
1.2913	138.4651	0.0000	0.0000	0.0000
1.2924	138.4381	0.0000	0.0000	0.0000
1.2935	138.4110	0.0000	0.0000	0.0000
1.2946	138.3840	0.0000	0.0000	0.0000
1.2957	138.3569	0.0000	0.0000	0.0000
1.2967	138.3298	0.0000	0.0000	0.0000
1.2978	138.3028	0.0000	0.0000	0.0000
1.2989	138.2757	0.0000	0.0000	0.0000
1.3000	138.2487	0.0000	0.0000	0.0000
1.3011	138.2216	0.0000	0.0000	0.0000
1.3022	138.1946	0.0000	0.0000	0.0000
1.3032	138.1675	0.0000	0.0000	0.0000
1.3043	138.1405	0.0000	0.0000	0.0000
1.3054	138.1134	0.0000	0.0000	0.0000
1.3065	138.0864	0.0000	0.0000	0.0000
1.3076	138.0593	0.0000	0.0000	0.0000
1.3087	138.0323	0.0000	0.0000	0.0000
1.3097	138.0053	0.0000	0.0000	0.0000
1.3108	137.9782	0.0000	0.0000	0.0000
1.3119	137.9512	0.0000	0.0000	0.0000
1.3130	137.9242	0.0000	0.0000	0.0000
1.3141	137.8971	0.0000	0.0000	0.0000
1.3152	137.8701	0.0000	0.0000	0.0000
1.3162	137.8431	0.0000	0.0000	0.0000
1.3173	137.8161	0.0000	0.0000	0.0000
1.3184	137.7890	0.0000	0.0000	0.0000
1.3195	137.7620	0.0000	0.0000	0.0000
1.3206	137.7350	0.0000	0.0000	0.0000
1.3217	137.7080	0.0000	0.0000	0.0000
1.3227	137.6810	0.0000	0.0000	0.0000
1.3238	137.6540	0.0000	0.0000	0.0000
1.3249	137.6269	0.0000	0.0000	0.0000
1.3260	137.5999	0.0000	0.0000	0.0000
1.3271	137.5729	0.0000	0.0000	0.0000
1.3282	137.5459	0.0000	0.0000	0.0000
1.3292	137.5189	0.0000	0.0000	0.0000
1.3303	137.4919	0.0000	0.0000	0.0000
1.3314	137.4650	0.0000	0.0000	0.0000
1.3325	137.4380	0.0000	0.0000	0.0000
1.3336	137.4110	0.0000	0.0000	0.0000
1.3347	137.3840	0.0000	0.0000	0.0000
1.3357	137.3570	0.0000	0.0000	0.0000
1.3368	137.3300	0.0000	0.0000	0.0000
1.3379	137.3030	0.0000	-0.0000	-0.0000
1.3390	137.2761	0.0000	-0.0000	-0.0000
1.3401	137.2491	0.0000	0.0000	0.0000
1.3412	137.2221	0.0000	0.0000	0.0000
1.3422	137.1952	0.0000	0.0000	0.0000
1.3433	137.1682	0.0000	-0.0000	-0.0000
1.3444	137.1412	0.0000	0.0000	0.0000
1.3455	137.1143	0.0000	0.0000	0.0000
1.3466	137.0873	0.0000	0.0000	0.0000
1.3477	137.0604	0.0000	0.0000	0.0000
1.3487	137.0334	0.0000	0.0000	0.0000
1.3498	137.0065	0.0000	0.0000	0.0000
1.3509	136.9795	0.0000	0.0000	0.0000
1.3520	136.9526	0.0000	0.0000	0.0000
1.3531	136.9257	0.0000	0.0000	0.0000
1.3542	136.8987	0.0000	0.0000	0.0000
1.3552	136.8718	0.0000	0.0000	0.0000
1.3563	136.8449	0.0000	0.0000	0.0000
1.3574	136.8180	0.0000	0.0000	0.0000
1.3585	136.7910	0.0000	0.0000	0.0000
1.3596	136.7641	0.0000	0.0000	0.0000
1.3607	136.7372	0.0000	0.0000	0.0000
1.3617	136.7103	0.0000	0.0000	0.0000
1.3628	136.6834	0.0000	0.0000	0.0000
1.3639	136.6565	0.0000	0.0000	0.0000
1.3650	136.6296	0.0000	0.0000	0.0000
1.3661	136.6027	0.0000	0.0000	0.0000
1.3672	136.5758	0.0000	0.0000	0.0000
1.3682	136.5489	0.0000	0.0000	0.0000
1.3693	136.5220	0.0000	0.0000	0.0000
1.3704	136.4952	0.0000	0.0000	0.0000
1.3715	136.4683	0.0000	0.0000	0.0000
1.3726	136.4414	0.0000	0.0000	0.0000
1.3737	136.4145	0.0000	0.0000	0.0000
1.3747	136.3877	0.0000	0.0000	0.0000
1.3758	136.3608	0.0000	0.0000	0.0000
1.3769	136.3340	0.0000	0.0000	0.0000
1.3780	136.3071	0.0000	0.0000	0.0000
1.3791	136.2802	0.0000	0.0000	0.0000
1.3802	136.2534	0.0000	0.0000	0.0000
1.3812	136.2266	0.0000	0.0000	0.0000
1.3823	136.1997	0.0000	0.0000	0.0000
1.3834	136.1729	0.0000	0.0000	0.0000
1.3845	136.1460	0.0000	0.0000	0.0000
1.3856	136.1192	0.0000	0.0000	0.0000
1.3867	136.0924	0.0000	0.0000	0.0000
1.3877	136.0656	0.0000	0.0000	0.0000
1.3888	136.0388	0.0000	0.0000	0.0000
1.3899	136.0119	0.0000	0.0000	0.0000
1.3910	135.9851	0.0000	0.0000	0.0000
1.3921	135.9583	0.0000	0.0000	0.0000
1.3932	135.9315	0.0000	0.0000	0.0000
1.3942	135.9047	0.0000	0.0000	0.0000
1.3953	135.8779	0.0000	0.0000	0.0000
1.3964	135.8512	0.0000	0.0000	0.0000
1.3975	135.8244	0.0000	0.0000	0.0000
1.3986	135.7976	0.0000	0.0000	0.0000
1.3997	135.7708	0.0000	0.0000	0.0000
1.4007	135.7441	0.0000	0.0000	0.0000
1.4018	135.7173	0.0000	0.0000	0.0000
1.4029	135.6905	0.0000	0.0000	0.0000
1.4040	135.6638	0.0000	0.0000	0.0000
1.4051	135.6370	0.0000	-0.0000	-0.0000
1.4062	135.6103	0.0000	0.0000	0.0000
1.4072	135.5835	0.0000	0.0000	0.0000
1.4083	135.5568	0.0000	0.0000	0.0000
1.4094	135.5300	0.0000	0.0000	0.0000
1.4105	135.5033	0.0000	0.0000	0.0000
1.4116	135.4766	0.0000	0.0000	0.0000
1.4127	135.4499	0.0000	0.0000	0.0000
1.4137	135.4231	0.0000	0.0000	0.0000
1.4148	135.3964	0.0000	0.0000	0.0000
1.4159	135.3697	0.0000	0.0000	0.0000
1.4170	135.3430	0.0000	0.0000	0.0000
1.4181	135.3163	0.0000	0.0000	0.0000
1.4192	135.2896	0.0000	0.0000	0.0000
1.4202	135.2629	0.0000	0.0000	0.0000
1.4213	135.2362	0.0000	0.0000	0.0000
1.4224	135.2096	0.0000	0.0000	0.0000
1.4235	135.1829	0.0000	0.0000	0.0000
1.4246	135.1562	0.0000	0.0000	0.0000
1.4257	135.1295	0.0000	0.0000	0.0000
1.4267	135.1029	0.0000	0.0000	0.0000
1.4278	135.0762	0.0000	0.0000	0.0000
1.4289	135.0496	0.0000	0.0000	0.0000
1.4300	135.0229	0.0000	0.0000	0.0000
1.4311	134.9963	0.0000	0.0000	0.0000
1.4322	134.9696	0.0000	0.0000	0.0000
1.4332	134.9430	0.0000	0.0000	0.0000
1.4343	134.9164	0.0000	0.0000	0.0000
1.4354	134.8898	0.0000	0.0000	0.0000
1.4365	134.8631	0.0000	0.0000	0.0000
1.4376	134.8365	0.0000	0.0000	0.0000
1.4387	134.8099	0.0000	0.0000	0.0000
1.4397	134.7833	0.0000	0.0000	0.0000
1.4408	134.7567	0.0000	0.0000	0.0000
1.4419	134.7301	0.0000	0.0000	0.0000
1.4430	134.7035	0.0000	0.0000	0.0000
1.4441	134.6769	0.0000	0.0000	0.0000
1.4452	134.6504	0.0000	0.0000	0.0000
1.4462	134.6238	0.0000	0.0000	0.0000
1.4473	134.5972	0.0000	0.0000	0.0000
1.4484	134.5707	0.0000	0.0000	0.0000
1.4495	134.5441	0.0000	0.0000	0.0000
1.4506	134.5175	0.0000	0.0000	0.0000
1.4517	134.4910	0.0000	-0.0000	-0.0000
1.4527	134.4644	0.0000	0.0000	0.0000
1.4538	134.4379	0.0000	0.0000	0.0000
1.4549	134.4114	0.0000	-0.0000	-0.0000
1.4560	134.3848	0.0000	0.0000	0.0000
1.4571	134.3583	0.0000	0.0000	0.0000
1.4582	134.3318	0.0000	0.0000	0.0000
1.4592	134.3053	0.0000	0.0000	0.0000
1.4603	134.2788	0.0000	0.0000	0.0000
1.4614	134.2523	0.0000	0.0000	0.0000
1.4625	134.2258	0.0000	-0.0000	-0.0000
1.4636	134.1993	0.0000	0.0000	0.0000
1.4647	134.1728	0.0000	0.0000	0.0000
1.4657	134.1463	0.0000	0.0000	0.0000
1.4668	134.1198	0.0000	0.0000	0.0000
1.4679	134.0934	0.0000	0.0000	0.0000
1.4690	134.0669	0.0000	0.0000	0.0000
1.4701	134.0404	0.0000	0.0000	0.0000
1.4712	134.0140	0.0000	0.0000	0.0000
1.4722	133.9875	0.0000	0.0000	0.0000
1.4733	133.9611	0.0000	0.0000	0.0000
1.4744	133.9347	0.0000	0.0000	0.0000
1.4755	133.9082	0.0000	0.0000	0.0000
1.4766	133.8818	0.0000	0.0000	0.0000
1.4777	133.8554	0.0000	0.0000	0.0000
1.4787	133.8290	0.0000	0.0000	0.0000
1.4798	133.8025	0.0000	0.0000	0.0000
1.4809	133.7761	0.0000	0.0000	0.0000
1.4820	133.7497	0.0000	0.0000	0.0000
1.4831	133.7233	0.0000	0.0000	0.0000
1.4842	133.6970	0.0000	0.0000	0.0000
1.4852	133.6706	0.0000	0.0000	0.0000
1.4863	133.6442	0.0000	0.0000	0.0000
1.4874	133.6178	0.0000	0.0000	0.0000
1.4885	133.5915	0.0000	0.0000	0.0000
1.4896	133.5651	0.0000	0.0000	0.0000
1.4907	133.5387	0.0000	0.0000	0.0000
1.4917	133.5124	0.0000	0.0000	0.0000
1.4928	133.4860	0.0000	0.0000	0.0000
1.4939	133.4597	0.0000	-0.0000	-0.0000
1.4950	133.4334	0.0000	0.0000	0.0000
1.4961	133.4070	0.0000	0.0000	0.0000
1.4972	133.3807	0.0000	0.0000	0.0000
1.4982	133.3544	0.0000	0.0000	0.0000
1.4993	133.3281	0.0000	0.0000	0.0000
1.5004	133.3018	0.0000	0.0000	0.0000
1.5015	133.2755	0.0000	0.0000	0.0000
1.5026	133.2492	0.0000	0.0000	0.0000
1.5037	133.2229	0.0000	0.0000	0.0000
1.5047	133.1966	0.0000	0.0000	0.0000
1.5058	133.1704	0.0000	0.0000	0.0000
1.5069	133.1441	0.0000	0.0000	0.0000
1.5080	133.1178	0.0000	0.0000	0.0000
1.5091	133.0916	0.0000	0.0000	0.0000
1.5102	133.0653	0.0000	0.0000	0.0000
1.5112	133.0391	0.0000	0.0000	0.0000
1.5123	133.0128	0.0000	0.0000	0.0000
1.5134	132.9866	0.0000	-0.0000	-0.0000
1.5145	132.9604	0.0000	-0.0000	-0.0000
1.5156	132.9341	0.0000	0.0000	0.0000
1.5167	132.9079	0.0000	0.0000	0.0000
1.5177	132.8817	0.0000	0.0000	0.0000
1.5188	132.8555	0.0000	0.0000	0.0000
1.5199	132.8293	0.0000	0.0000	0.0000
1.5210	132.8031	0.0000	0.0000	0.0000
1.5221	132.7769	0.0000	0.0000	0.0000
1.5232	132.7507	0.0000	0.0000	0.0000
1.5242	132.7245	0.0000	-0.0000	-0.0000
1.5253	132.6984	0.0000	0.0000	0.0000
1.5264	132.6722	0.0000	0.0000	0.0000
1.5275	132.6461	0.0000	0.0000	0.0000
1.5286	132.6199	0.0000	0.0000	0.0000
1.5297	132.5938	0.0000	0.0000	0.0000
1.5307	132.5676	0.0000	0.0000	0.0000
1.5318	132.5415	0.0000	0.0000	0.0000
1.5329	132.5154	0.0000	0.0000	0.0000
1.5340	132.4892	0.0000	0.0000	0.0000
1.5351	132.4631	0.0000	0.0000	0.0000
1.5362	132.4370	0.0000	0.0000	0.0000
1.5372	132.4109	0.0000	0.0000	0.0000
1.5383	132.3848	0.0000	0.0000	0.0000
1.5394	132.3587	0.0000	0.0000	0.0000
1.5405	132.3326	0.0000	0.0000	0.0000
1.5416	132.3065	0.0000	0.0000	0.0000
1.5427	132.2805	0.0000	0.0000	0.0000
1.5437	132.2544	0.0000	0.0000	0.0000
1.5448	132.2283	0.0000	0.0000	0.0000
1.5459	132.2023	0.0000	0.0000	0.0000
1.5470	132.1762	0.0000	0.0000	0.0000
1.5481	132.1502	0.0000	0.0000	0.0000
1.5492	132.1242	0.0000	0.0000	0.0000
1.5502	132.0981	0.0000	0.0000	0.0000
1.5513	132.0721	0.0000	0.0000	0.0000
1.5524	132.0461	0.0000	0.0000	0.0000
1.5535	132.0201	0.0000	0.0000	0.0000
1.5546	131.9941	0.0000	0.0000	0.0000
1.5557	131.9681	0.0000	0.0000	0.0000
1.5567	131.9421	0.0000	0.0000	0.0000
1.5578	131.9161	0.0000	0.0000	0.0000
1.5589	131.8901	0.0000	0.0000	0.0000
1.5600	132.1732	0.0000	0.0000	0.0000
1.5611	132.1483	0.0000	0.0000	0.0000
1.5622	132.1233	0.0000	0.0000	0.0000
1.5632	132.0983	0.0000	0.0000	0.0000
1.5643	132.0733	0.0000	0.0000	0.0000
1.5654	132.0484	0.0000	-0.0000	-0.0000
1.5665	132.0234	0.0000	0.0000	0.0000
1.5676	131.9985	0.0000	0.0000	0.0000
1.5687	131.9735	0.0000	0.0000	0.0000
1.5697	131.9486	0.0000	0.0000	0.0000
1.5708	131.9237	0.0000	0.0000	0.0000
1.5719	131.8987	0.0000	0.0000	0.0000
1.5730	131.8738	0.0000	0.0000	0.0000
1.5741	131.8489	0.0000	0.0000	0.0000
1.5752	131.8240	0.0000	0.0000	0.0000
1.5762	131.7991	0.0000	0.0000	0.0000
1.5773	131.7742	0.0000	0.0000	0.0000
1.5784	131.7493	0.0000	0.0000	0.0000
1.5795	131.7244	0.0000	0.0000	0.0000
1.5806	131.6995	0.0000	0.0000	0.0000
1.5817	131.6747	0.0000	0.0000	0.0000
1.5827	131.6498	0.0000	0.0000	0.0000
1.5838	131.6249	0.0000	0.0000	0.0000
1.5849	131.6001	0.0000	0.0000	0.0000
1.5860	131.5752	0.0000	0.0000	0.0000
1.5871	131.5504	0.0000	0.0000	0.0000
1.5882	131.5255	0.0000	-0.0000	-0.0000
1.5892	131.5007	0.0000	0.0000	0.0000
1.5903	131.4759	0.0000	0.0000	0.0000
1.5914	131.4510	0.0000	0.0000	0.0000
1.5925	131.4262	0.0000	0.0000	0.0000
1.5936	131.4014	0.0000	0.0000	0.0000
1.5947	131.3766	0.0000	0.0000	0.0000
1.5957	131.3518	0.0000	0.0000	0.0000
1.5968	131.3270	0.0000	0.0000	0.0000
1.5979	131.3022	0.0000	0.0000	0.0000
1.5990	131.2774	0.0000	0.0000	0.0000
1.6001	131.2527	0.0000	0.0000	0.0000
1.6012	131.2279	0.0000	0.0000	0.0000
1.6022	131.2031	0.0000	0.0000	0.0000
1.6033	131.1784	0.0000	0.0000	0.0000
1.6044	131.1536	0.0000	0.0000	0.0000
1.6055	131.1289	0.0000	0.0000	0.0000
1.6066	131.1041	0.0000	0.0000	0.0000
1.6077	131.0794	0.0000	0.0000	0.0000
1.6087	131.0547	0.0000	0.0000	0.0000
1.6098	131.0299	0.0000	0.0000	0.0000
1.6109	131.0052	0.0000	0.0000	0.0000
1.6120	130.9805	0.0000	0.0000	0.0000
1.6131	130.9558	0.0000	0.0000	0.0000
1.6142	130.9311	0.0000	0.0000	0.0000
1.6152	130.9064	0.0000	0.0000	0.0000
1.6163	130.8817	0.0000	0.0000	0.0000
1.6174	130.8570	0.0000	0.0000	0.0000
1.6185	130.8324	0.0000	0.0000	0.0000
1.6196	130.8077	0.0000	0.0000	0.0000
1.6207	130.7830	0.0000	0.0000	0.0000
1.6217	130.7584	0.0000	0.0000	0.0000
1.6228	130.7337	0.0000	0.0000	0.0000
1.6239	130.7091	0.0000	0.0000	0.0000
1.6250	130.6844	0.0000	0.0000	0.0000
1.6261	130.6598	0.0000	0.0000	0.0000
1.6272	130.6352	0.0000	0.0000	0.0000
1.6282	130.6105	0.0000	0.0000	0.0000
1.6293	130.5859	0.0000	0.0000	0.0000
1.6304	130.5613	0.0000	0.0000	0.0000
1.6315	130.5367	0.0000	0.0000	0.0000
1.6326	130.5121	0.0000	0.0000	0.0000
1.6337	130.4875	0.0000	0.0000	0.0000
1.6347	130.4629	0.0000	0.0000	0.0000
1.6358	130.4383	0.0000	0.0000	0.0000
1.6369	130.4138	0.0000	0.0000	0.0000
1.6380	130.3892	0.0000	0.0000	0.0000
1.6391	130.3646	0.0000	0.0000	0.0000
1.6402	130.3401	0.0000	0.0000	0.0000
1.6412	130.3155	0.0000	0.0000	0.0000
1.6423	130.2910	0.0000	0.0000	0.0000
1.6434	130.2664	0.0000	0.0000	0.0000
1.6445	130.2419	0.0000	0.0000	0.0000
1.6456	130.2174	0.0000	0.0000	0.0000
1.6467	130.1929	0.0000	0.0000	0.0000
1.6477	130.1684	0.0000	0.0000	0.0000
1.6488	130.1439	0.0000	0.0000	0.0000
1.6499	130.1193	0.0000	0.0000	0.0000
1.6510	130.0949	0.0000	0.0000	0.0000
1.6521	130.0704	0.0000	0.0000	0.0000
1.6532	130.0459	0.0000	0.0000	0.0000
1.6542	130.0214	0.0000	0.0000	0.0000
1.6553	129.9969	0.0000	0.0000	0.0000
1.6564	129.9725	0.0000	0.0000	0.0000
1.6575	129.9480	0.0000	0.0000	0.0000
1.6586	129.9236	0.0000	0.0000	0.0000
1.6597	129.8991	0.0000	0.0000	0.0000
1.6607	129.8747	0.0000	0.0000	0.0000
1.6618	129.8502	0.0000	0.0000	0.0000
1.6629	129.8258	0.0000	0.0000	0.0000
1.6640	129.8014	0.0000	0.0000	0.0000
1.6651	129.7770	0.0000	0.0000	0.0000
1.6662	129.7526	0.0000	0.0000	0.0000
1.6672	129.7282	0.0000	0.0000	0.0000
1.6683	129.7038	0.0000	-0.0000	-0.0000
1.6694	129.6794	0.0000	0.0000	0.0000
1.6705	129.6550	0.0000	0.0000	0.0000
1.6716	129.6306	0.0000	-0.0000	-0.0000
1.6727	129.6062	0.0000	0.0000	0.0000
1.6737	129.5819	0.0000	0.0000	0.0000
1.6748	129.5575	0.0000	0.0000	0.0000
1.6759	129.5332	0.0000	0.0000	0.0000
1.6770	129.5088	0.0000	0.0000	0.0000
1.6781	129.4845	0.0000	0.0000	0.0000
1.6792	129.4601	0.0000	0.0000	0.0000
1.6802	129.4358	0.0000	0.0000	0.0000
1.6813	129.4115	0.0000	0.0000	0.0000
1.6824	129.3872	0.0000	0.0000	0.0000
1.6835	129.3629	0.0000	0.0000	0.0000
1.6846	129.3386	0.0000	0.0000	0.0000
1.6857	129.3143	0.0000	0.0000	0.0000
1.6867	129.2900	0.0000	0.0000	0.0000
1.6878	129.2657	0.0000	0.0000	0.0000
1.6889	129.2414	0.0000	0.0000	0.0000
1.6900	129.2171	0.0000	0.0000	0.0000
1.6911	129.1929	0.0000	0.0000	0.0000
1.6922	129.1686	0.0000	0.0000	0.0000
1.6932	129.1444	0.0000	0.0000	0.0000
1.6943	129.1201	0.0000	0.0000	0.0000
1.6954	129.0959	0.0000	0.0000	0.0000
1.6965	129.0716	0.0000	0.0000	0.0000
1.6976	129.0474	0.0000	0.0000	0.0000
1.6987	129.0232	0.0000	0.0000	0.0000
1.6997	128.9990	0.0000	0.0000	0.0000
1.7008	128.9748	0.0000	0.0000	0.0000
1.7019	128.9506	0.0000	0.0000	0.0000
1.7030	128.9264	0.0000	-0.0000	-0.0000
1.7041	128.9022	0.0000	0.0000	0.0000
1.7052	128.8780	0.0000	0.0000	0.0000
1.7062	128.8538	0.0000	0.0000	0.0000
1.7073	128.8296	0.0000	0.0000	0.0000
1.7084	128.8055	0.0000	0.0000	0.0000
1.7095	128.7813	0.0000	0.0000	0.0000
1.7106	128.7572	0.0000	0.0000	0.0000
1.7117	128.7330	0.0000	0.0000	0.0000
1.7127	128.7089	0.0000	0.0000	0.0000
1.7138	128.6848	0.0000	0.0000	0.0000
1.7149	128.6606	0.0000	0.0000	0.0000
1.7160	128.6365	0.0000	0.0000	0.0000
1.7171	128.6124	0.0000	0.0000	0.0000
1.7182	128.5883	0.0000	0.0000	0.0000
1.7192	128.5642	0.0000	0.0000	0.0000
1.7203	128.5401	0.0000	0.0000	0.0000
1.7214	128.5160	0.0000	0.0000	0.0000
1.7225	128.4919	0.0000	0.0000	0.0000
1.7236	128.4679	0.0000	0.0000	0.0000
1.7247	128.4438	0.0000	0.0000	0.0000
1.7257	128.4197	0.0000	0.0000	0.0000
1.7268	128.3957	0.0000	0.0000	0.0000
1.7279	128.3716	0.0000	0.0000	0.0000
1.7290	128.3476	0.0000	0.0000	0.0000
1.7301	128.3235	0.0000	0.0000	0.0000
1.7312	128.2995	0.0000	0.0000	0.0000
1.7322	128.2755	0.0000	0.0000	0.0000
1.7333	128.2515	0.0000	0.0000	0.0000
1.7344	128.2275	0.0000	0.0000	0.0000
1.7355	128.2035	0.0000	0.0000	0.0000
1.7366	128.1795	0.0000	0.0000	0.0000
1.7377	128.1555	0.0000	0.0000	0.0000
1.7387	128.1315	0.0000	0.0000	0.0000
1.7398	128.1075	0.0000	0.0000	0.0000
1.7409	128.0835	0.0000	0.0000	0.0000
1.7420	128.0596	0.0000	0.0000	0.0000
1.7431	128.0356	0.0000	0.0000	0.0000
1.7442	128.0116	0.0000	0.0000	0.0000
1.7452	127.9877	0.0000	0.0000	0.0000
1.7463	127.9638	0.0000	0.0000	0.0000
1.7474	127.9398	0.0000	0.0000	0.0000
1.7485	127.9159	0.0000	0.0000	0.0000
1.7496	127.8920	0.0000	0.0000	0.0000
1.7507	127.8681	0.0000	0.0000	0.0000
1.7517	127.8442	0.0000	0.0000	0.0000
1.7528	127.8203	0.0000	0.0000	0.0000
1.7539	127.7964	0.0000	0.0000	0.0000
1.7550	127.7725	0.0000	0.0000	0.0000
1.7561	127.7486	0.0000	0.0000	0.0000
1.7572	127.7247	0.0000	0.0000	0.0000
1.7582	127.7008	0.0000	0.0000	0.0000
1.7593	127.6770	0.0000	0.0000	0.0000
1.7604	127.6531	0.0000	0.0000	0.0000
1.7615	127.6293	0.0000	0.0000	0.0000
1.7626	127.6054	0.0000	0.0000	0.0000
1.7637	127.5816	0.0000	0.0000	0.0000
1.7647	127.5578	0.0000	0.0000	0.0000
1.7658	127.5339	0.0000	0.0000	0.0000
1.7669	127.5101	0.0000	0.0000	0.0000
1.7680	127.4863	0.0000	0.0000	0.0000
1.7691	127.4625	0.0000	0.0000	0.0000
1.7702	127.4387	0.0000	0.0000	0.0000
1.7712	127.4149	0.0000	0.0000	0.0000
1.7723	127.3911	0.0000	0.0000	0.0000
1.7734	127.3674	0.0000	0.0000	0.0000
1.7745	127.3436	0.0000	0.0000	0.0000
1.7756	127.3198	0.0000	0.0000	0.0000
1.7767	127.2961	0.0000	0.0000	0.0000
1.7777	127.2723	0.0000	0.0000	0.0000
1.7788	127.2486	0.0000	0.0000	0.0000
1.7799	127.2248	0.0000	0.0000	0.0000
1.7810	127.2011	0.0000	0.0000	0.0000
1.7821	127.1774	0.0000	0.0000	0.0000
1.7832	127.1536	0.0000	0.0000	0.0000
1.7842	127.1299	0.0000	0.0000	0.0000
1.7853	127.1062	0.0000	-0.0000	-0.0000
1.7864	127.0825	0.0000	0.0000	0.0000
1.7875	127.0588	0.0000	0.0000	0.0000
1.7886	127.0351	0.0000	0.0000	0.0000
1.7897	127.0115	0.0000	0.0000	0.0000
1.7907	126.9878	0.0000	0.0000	0.0000
1.7918	126.9641	0.0000	0.0000	0.0000
1.7929	126.9405	0.0000	0.0000	0.0000
1.7940	126.9168	0.0000	0.0000	0.0000
1.7951	126.8932	0.0000	0.0000	0.0000
1.7962	126.8695	0.0000	0.0000	0.0000
1.7972	126.8459	0.0000	0.0000	0.0000
1.7983	126.8223	0.0000	0.0000	0.0000
1.7994	126.7986	0.0000	0.0000	0.0000
1.8005	126.7750	0.0000	0.0000	0.0000
1.8016	126.7514	0.0000	0.0000	0.0000
1.8027	126.7278	0.0000	0.0000	0.0000
1.8037	126.7042	0.0000	0.0000	0.0000
1.8048	126.6806	0.0000	0.0000	0.0000
1.8059	126.6570	0.0000	0.0000	0.0000
1.8070	126.6335	0.0000	0.0000	0.0000
1.8081	126.6099	0.0000	0.0000	0.0000
1.8092	126.5863	0.0000	0.0000	0.0000
1.8102	126.5628	0.0000	0.0000	0.0000
1.8113	126.5392	0.0000	-0.0000	-0.0000
1.8124	126.5157	0.0000	0.0000	0.0000
1.8135	126.4921	0.0000	0.0000	0.0000
1.8146	126.4686	0.0000	0.0000	0.0000
1.8157	126.4451	0.0000	0.0000	0.0000
1.8167	126.4216	0.0000	0.0000	0.0000
1.8178	126.3981	0.0000	0.0000	0.0000
1.8189	126.3746	0.0000	0.0000	0.0000
1.8200	126.3511	0.0000	0.0000	0.0000
1.8211	126.3276	0.0000	0.0000	0.0000
1.8222	126.3041	0.0000	0.0000	0.0000
1.8232	126.2806	0.0000	0.0000	0.0000
1.8243	126.2571	0.0000	0.0000	0.0000
1.8254	126.2337	0.0000	0.0000	0.0000
1.8265	126.2102	0.0000	0.0000	0.0000
1.8276	126.1868	0.0000	0.0000	0.0000
1.8287	126.1633	0.0000	0.0000	0.0000
1.8297	126.1399	0.0000	0.0000	0.0000
1.8308	126.1164	0.0000	0.0000	0.0000
1.8319	126.0930	0.0000	0.0000	0.0000
1.8330	126.0696	0.0000	-0.0000	-0.0000
1.8341	126.0462	0.0000	0.0000	0.0000
1.8352	126.0228	0.0000	0.0000	0.0000
1.8362	125.9994	0.0000	0.0000	0.0000
1.8373	125.9760	0.0000	0.0000	0.0000
1.8384	125.9526	0.0000	0.0000	0.0000
1.8395	125.9292	0.0000	0.0000	0.0000
1.8406	125.9058	0.0000	0.0000	0.0000
1.8417	125.8825	0.0000	0.0000	0.0000
1.8427	125.8591	0.0000	0.0000	0.0000
1.8438	125.8358	0.0000	0.0000	0.0000
1.8449	125.8124	0.0000	0.0000	0.0000
1.8460	125.7891	0.0000	0.0000	0.0000
1.8471	125.7657	0.0000	0.0000	0.0000
1.8482	125.7424	0.0000	0.0000	0.0000
1.8492	125.7191	0.0000	0.0000	0.0000
1.8503	125.6958	0.0000	0.0000	0.0000
1.8514	125.6725	0.0000	0.0000	0.0000
1.8525	125.6492	0.0000	0.0000	0.0000
1.8536	125.6259	0.0000	0.0000	0.0000
1.8547	125.6026	0.0000	0.0000	0.0000
1.8557	125.5793	0.0000	0.0000	0.0000
1.8568	125.5560	0.0000	-0.0000	-0.0000
1.8579	125.5328	0.0000	-0.0000	-0.0000
1.8590	125.5095	0.0000	0.0000	0.0000
1.8601	125.4862	0.0000	-0.0000	-0.0000
1.8612	125.4630	0.0000	0.0000	0.0000
1.8622	125.4398	0.0000	0.0000	0.0000
1.8633	125.4165	0.0000	0.0000	0.0000
1.8644	125.3933	0.0000	0.0000	0.0000
1.8655	125.3701	0.0000	0.0000	0.0000
1.8666	125.3468	0.0000	0.0000	0.0000
1.8677	125.3236	0.0000	0.0000	0.0000
1.8687	125.3004	0.0000	0.0000	0.0000
1.8698	125.2772	0.0000	0.0000	0.0000
1.8709	125.2541	0.0000	0.0000	0.0000
1.8720	125.2309	0.0000	0.0000	0.0000
1.8731	125.2077	0.0000	0.0000	0.0000
1.8742	125.1845	0.0000	0.0000	0.0000
1.8752	125.1614	0.0000	0.0000	0.0000
1.8763	125.1382	0.0000	0.0000	0.0000
1.8774	125.1151	0.0000	0.0000	0.0000
1.8785	125.0919	0.0000	0.0000	0.0000
1.8796	125.0688	0.0000	0.0000	0.0000
1.8807	125.0456	0.0000	0.0000	0.0000
1.8817	125.0225	0.0000	0.0000	0.0000
1.8828	124.9994	0.0000	0.0000	0.0000
1.8839	124.9763	0.0000	-0.0000	-0.0000
1.8850	124.9532	0.0000	0.0000	0.0000
1.8861	124.9301	0.0000	0.0000	0.0000
1.8872	124.9070	0.0000	0.0000	0.0000
1.8882	124.8839	0.0000	0.0000	0.0000
1.8893	124.8608	0.0000	0.0000	0.0000
1.8904	124.8378	0.0000	0.0000	0.0000
1.8915	124.8147	0.0000	0.0000	0.0000
1.8926	124.7916	0.0000	0.0000	0.0000
1.8937	124.7686	0.0000	0.0000	0.0000
1.8947	124.7455	0.0000	0.0000	0.0000
1.8958	124.7225	0.0000	0.0000	0.0000
1.8969	124.6995	0.0000	0.0000	0.0000
1.8980	124.6764	0.0000	0.0000	0.0000
1.8991	124.6534	0.0000	0.0000	0.0000
1.9002	124.6304	0.0000	0.0000	0.0000
1.9012	124.6074	0.0000	0.0000	0.0000
1.9023	124.5844	0.0000	0.0000	0.0000
1.9034	124.5614	0.0000	0.0000	0.0000
1.9045	124.5384	0.0000	0.0000	0.0000
1.9056	124.5154	0.0000	0.0000	0.0000
1.9067	124.4925	0.0000	0.0000	0.0000
1.9077	124.4695	0.0000	0.0000	0.0000
1.9088	124.4465	0.0000	0.0000	0.0000
1.9099	124.4236	0.0000	0.0000	0.0000
1.9110	124.4006	0.0000	0.0000	0.0000
1.9121	124.3777	0.0000	0.0000	0.0000
1.9132	124.3548	0.0000	0.0000	0.0000
1.9142	124.3318	0.0000	0.0000	0.0000
1.9153	124.3089	0.0000	0.0000	0.0000
1.9164	124.2860	0.0000	0.0000	0.0000
1.9175	124.2631	0.0000	0.0000	0.0000
1.9186	124.2402	0.0000	0.0000	0.0000
1.9197	124.2173	0.0000	0.0000	0.0000
1.9207	124.1944	0.0000	0.0000	0.0000
1.9218	124.1715	0.0000	0.0000	0.0000
1.9229	124.1487	0.0000	0.0000	0.0000
1.9240	124.1258	0.0000	0.0000	0.0000
1.9251	124.1029	0.0000	0.0000	0.0000
1.9262	124.0801	0.0000	0.0000	0.0000
1.9272	124.0572	0.0000	0.0000	0.0000
1.9283	124.0344	0.0000	0.0000	0.0000
1.9294	124.0115	0.0000	0.0000	0.0000
1.9305	123.9887	0.0000	0.0000	0.0000
1.9316	123.9659	0.0000	-0.0000	-0.0000
1.9327	123.9431	0.0000	0.0000	0.0000
1.9337	123.9203	0.0000	0.0000	0.0000
1.9348	123.8975	0.0000	0.0000	0.0000
1.9359	123.8747	0.0000	0.0000	0.0000
1.9370	123.8519	0.0000	0.0000	0.0000
1.9381	123.8291	0.0000	0.0000	0.0000
1.9392	123.8063	0.0000	0.0000	0.0000
1.9402	123.7835	0.0000	0.0000	0.0000
1.9413	123.7608	0.0000	0.0000	0.0000
1.9424	123.7380	0.0000	0.0000	0.0000
1.9435	123.7153	0.0000	0.0000	0.0000
1.9446	123.6925	0.0000	0.0000	0.0000
1.9457	123.6698	0.0000	0.0000	0.0000
1.9467	123.6471	0.0000	0.0000	0.0000
1.9478	123.6243	0.0000	0.0000	0.0000
1.9489	123.6016	0.0000	0.0000	0.0000
1.9500	123.5789	0.0000	0.0000	0.0000
1.9511	123.5562	0.0000	0.0000	0.0000
1.9522	123.5335	0.0000	0.0000	0.0000
1.9532	123.5108	0.0000	0.0000	0.0000
1.9543	123.4881	0.0000	0.0000	0.0000
1.9554	123.4654	0.0000	0.0000	0.0000
1.9565	123.4428	0.0000	0.0000	0.0000
1.9576	123.4201	0.0000	0.0000	0.0000
1.9587	123.3974	0.0000	0.0000	0.0000
1.9597	123.3748	0.0000	0.0000	0.0000
1.9608	123.3521	0.0000	0.0000	0.0000
1.9619	123.3295	0.0000	0.0000	0.0000
1.9630	123.3069	0.0000	0.0000	0.0000
1.9641	123.2842	0.0000	0.0000	0.0000
1.9652	123.2616	0.0000	0.0000	0.0000
1.9662	123.2390	0.0000	0.0000	0.0000
1.9673	123.2164	0.0000	0.0000	0.0000
1.9684	123.1938	0.0000	0.0000	0.0000
1.9695	123.1712	0.0000	0.0000	0.0000
1.9706	123.1486	0.0000	0.0000	0.0000
1.9717	123.1260	0.0000	0.0000	0.0000
1.9727	123.1035	0.0000	0.0000	0.0000
1.9738	123.0809	0.0000	0.0000	0.0000
1.9749	123.0583	0.0000	0.0000	0.0000
1.9760	123.0358	0.0000	0.0000	0.0000
1.9771	123.0132	0.0000	0.0000	0.0000
1.9782	122.9907	0.0000	0.0000	0.0000
1.9792	122.9681	0.0000	0.0000	0.0000
1.9803	122.9456	0.0000	0.0000	0.0000
1.9814	122.9231	0.0000	0.0000	0.0000
1.9825	122.9006	0.0000	0.0000	0.0000
1.9836	122.8781	0.0000	0.0000	0.0000
1.9847	122.8556	0.0000	0.0000	0.0000
1.9857	122.8331	0.0000	0.0000	0.0000
1.9868	122.8106	0.0000	0.0000	0.0000
1.9879	122.7881	0.0000	0.0000	0.0000
1.9890	122.7656	0.0000	0.0000	0.0000
1.9901	122.7431	0.0000	0.0000	0.0000
1.9912	122.7207	0.0000	0.0000	0.0000
1.9922	122.6982	0.0000	0.0000	0.0000
1.9933	122.6758	0.0000	0.0000	0.0000
1.9944	122.6533	0.0000	0.0000	0.0000
1.9955	122.6309	0.0000	0.0000	0.0000
1.9966	122.6084	0.0000	0.0000	0.0000
1.9977	122.5860	0.0000	0.0000	0.0000
1.9987	122.5636	0.0000	0.0000	0.0000
1.9998	122.5412	0.0000	0.0000	0.0000
2.0009	122.5188	0.0000	0.0000	0.0000
2.0020	122.4964	0.0000	0.0000	0.0000
2.0031	122.4740	0.0000	0.0000	0.0000
2.0042	122.4516	0.0000	0.0000	0.0000
2.0052	122.4292	0.0000	0.0000	0.0000
2.0063	122.4068	0.0000	0.0000	0.0000
2.0074	122.3845	0.0000	-0.0000	-0.0000
2.0085	122.3621	0.0000	0.0000	0.0000
2.0096	122.3397	0.0000	0.0000	0.0000
2.0107	122.3174	0.0000	0.0000	0.0000
2.0117	122.2951	0.0000	0.0000	0.0000
2.0128	122.2727	0.0000	-0.0000	-0.0000
2.0139	122.2504	0.0000	0.0000	0.0000
2.0150	122.2281	0.0000	0.0000	0.0000
2.0161	122.2058	0.0000	0.0000	0.0000
2.0172	122.1834	0.0000	0.0000	0.0000
2.0182	122.1611	0.0000	-0.0000	-0.0000
2.0193	122.1388	0.0000	0.0000	0.0000
2.0204	122.1166	0.0000	0.0000	0.0000
2.0215	122.0943	0.0000	0.0000	0.0000
2.0226	122.0720	0.0000	0.0000	0.0000
2.0237	122.0497	0.0000	0.0000	0.0000
2.0247	122.0275	0.0000	0.0000	0.0000
2.0258	122.0052	0.0000	0.0000	0.0000
2.0269	121.9829	0.0000	0.0000	0.0000
2.0280	121.9607	0.0000	0.0000	0.0000
2.0291	121.9385	0.0000	0.0000	0.0000
2.0302	121.9162	0.0000	0.0000	0.0000
2.0312	121.8940	0.0000	0.0000	0.0000
2.0323	121.8718	0.0000	0.0000	0.0000
2.0334	121.8496	0.0000	0.0000	0.0000
2.0345	121.8274	0.0000	0.0000	0.0000
2.0356	121.8052	0.0000	-0.0000	-0.0000
2.0367	121.7830	0.0000	0.0000	0.0000
2.0377	121.7608	0.0000	0.0000	0.0000
2.0388	121.7386	0.0000	0.0000	0.0000
2.0399	121.7164	0.0000	0.0000	0.0000
2.0410	121.6943	0.0000	0.0000	0.0000
2.0421	121.6721	0.0000	0.0000	0.0000
2.0432	121.6499	0.0000	0.0000	0.0000
2.0442	121.6278	0.0000	0.0000	0.0000
2.0453	121.6056	0.0000	0.0000	0.0000
2.0464	121.5835	0.0000	0.0000	0.0000
2.0475	121.5614	0.0000	0.0000	0.0000
2.0486	121.5393	0.0000	0.0000	0.0000
2.0497	121.5171	0.0000	0.0000	0.0000
2.0507	121.4950	0.0000	0.0000	0.0000
2.0518	121.4729	0.0000	0.0000	0.0000
2.0529	121.4508	0.0000	0.0000	0.0000
2.0540	121.4287	0.0000	0.0000	0.0000
2.0551	121.4066	0.0000	0.0000	0.0000
2.0562	121.3846	0.0000	0.0000	0.0000
2.0572	121.3625	0.0000	0.0000	0.0000
2.0583	121.3404	0.0000	0.0000	0.0000
2.0594	121.3184	0.0000	-0.0000	-0.0000
2.0605	121.2963	0.0000	0.0000	0.0000
2.0616	121.2743	0.0000	0.0000	0.0000
2.0627	121.2522	0.0000	0.0000	0.0000
2.0637	121.2302	0.0000	0.0000	0.0000
2.0648	121.2082	0.0000	0.0000	0.0000
2.0659	121.1861	0.0000	0.0000	0.0000
2.0670	121.1641	0.0000	0.0000	0.0000
2.0681	121.1421	0.0000	0.0000	0.0000
2.0692	121.1201	0.0000	0.0000	0.0000
2.0702	121.0981	0.0000	0.0000	0.0000
2.0713	121.0761	0.0000	0.0000	0.0000
2.0724	121.0541	0.0000	0.0000	0.0000
2.0735	121.0322	0.0000	0.0000	0.0000
2.0746	121.0102	0.0000	0.0000	0.0000
2.0757	120.9882	0.0000	0.0000	0.0000
2.0767	120.9663	0.0000	0.0000	0.0000
2.0778	120.9443	0.0000	0.0000	0.0000
2.0789	120.9224	0.0000	0.0000	0.0000
2.0800	120.9004	0.0000	0.0000	0.0000
2.0811	120.8785	0.0000	0.0000	0.0000
2.0822	120.8566	0.0000	0.0000	0.0000
2.0832	120.8347	0.0000	0.0000	0.0000
2.0843	120.8128	0.0000	0.0000	0.0000
2.0854	120.7908	0.0000	0.0000	0.0000
2.0865	120.7689	0.0000	0.0000	0.0000
2.0876	120.7470	0.0000	0.0000	0.0000
2.0887	120.7252	0.0000	0.0000	0.0000
2.0897	120.7033	0.0000	0.0000	0.0000
2.0908	120.6814	0.0000	0.0000	0.0000
2.0919	120.6595	0.0000	0.0000	0.0000
2.0930	120.6377	0.0000	0.0000	0.0000
2.0941	120.6158	0.0000	0.0000	0.0000
2.0952	120.5940	0.0000	0.0000	0.0000
2.0962	120.5721	0.0000	0.0000	0.0000
2.0973	120.5503	0.0000	-0.0000	-0.0000
2.0984	120.5285	0.0000	0.0000	0.0000
2.0995	120.5066	0.0000	0.0000	0.0000
2.1006	120.4848	0.0000	0.0000	0.0000
2.1017	120.4630	0.0000	0.0000	0.0000
2.1027	120.4412	0.0000	0.0000	0.0000
2.1038	120.4194	0.0000	0.0000	0.0000
2.1049	120.3976	0.0000	0.0000	0.0000
2.1060	120.3758	0.0000	0.0000	0.0000
2.1071	120.3540	0.0000	0.0000	0.0000
2.1082	120.3323	0.0000	0.0000	0.0000
2.1092	120.3105	0.0000	0.0000	0.0000
2.1103	120.2887	0.0000	0.0000	0.0000
2.1114	120.2670	0.0000	0.0000	0.0000
2.1125	120.2452	0.0000	0.0000	0.0000
2.1136	120.2235	0.0000	0.0000	0.0000
2.1147	120.2017	0.0000	0.0000	0.0000
2.1157	120.1800	0.0000	0.0000	0.0000
2.1168	120.1583	0.0000	0.0000	0.0000
2.1179	120.1366	0.0000	0.0000	0.0000
2.1190	120.1149	0.0000	0.0000	0.0000
2.1201	120.0932	0.0000	0.0000	0.0000
2.1212	120.0715	0.0000	0.0000	0.0000
2.1222	120.0498	0.0000	0.0000	0.0000
2.1233	120.0281	0.0000	0.0000	0.0000
2.1244	120.0064	0.0000	0.0000	0.0000
2.1255	119.9847	0.0000	-0.0000	-0.0000
2.1266	119.9631	0.0000	0.0000	0.0000
2.1277	119.9414	0.0000	0.0000	0.0000
2.1287	119.9197	0.0000	0.0000	0.0000
2.1298	119.8981	0.0000	0.0000	0.0000
2.1309	119.8764	0.0000	0.0000	0.0000
2.1320	119.8548	0.0000	0.0000	0.0000
2.1331	119.8332	0.0000	0.0000	0.0000
2.1342	119.8116	0.0000	0.0000	0.0000
2.1352	119.7899	0.0000	0.0000	0.0000
2.1363	119.7683	0.0000	0.0000	0.0000
2.1374	119.7467	0.0000	0.0000	0.0000
2.1385	119.7251	0.0000	0.0000	0.0000
2.1396	119.7035	0.0000	0.0000	0.0000
2.1407	119.6819	0.0000	0.0000	0.0000
2.1417	119.6604	0.0000	0.0000	0.0000
2.1428	119.6388	0.0000	-0.0000	-0.0000
2.1439	119.6172	0.0000	0.0000	0.0000
2.1450	119.5957	0.0000	0.0000	0.0000
2.1461	119.5741	0.0000	0.0000	0.0000
2.1472	119.5526	0.0000	0.0000	0.0000
2.1482	119.5310	0.0000	0.0000	0.0000
2.1493	119.5095	0.0000	0.0000	0.0000
2.1504	119.4879	0.0000	0.0000	0.0000
2.1515	119.4664	0.0000	-0.0000	-0.0000
2.1526	119.4449	0.0000	0.0000	0.0000
2.1537	119.4234	0.0000	0.0000	0.0000
2.1547	119.4019	0.0000	0.0000	0.0000
2.1558	119.3804	0.0000	0.0000	0.0000
2.1569	119.3589	0.0000	0.0000	0.0000
2.1580	119.3374	0.0000	0.0000	0.0000
2.1591	119.3159	0.0000	0.0000	0.0000
2.1602	119.2945	0.0000	0.0000	0.0000
2.1612	119.2730	0.0000	0.0000	0.0000
2.1623	119.2515	0.0000	0.0000	0.0000
2.1634	119.2301	0.0000	0.0000	0.0000
2.1645	119.2086	0.0000	0.0000	0.0000
2.1656	119.1872	0.0000	0.0000	0.0000
2.1667	119.1657	0.0000	-0.0000	-0.0000
