canal	 cuentas
   0          0
   1          0
   2          0
   3          0
   4          0
   5          0
   6          0
   7          0
   8          0
   9          0
  10          0
  11        300
  12        772
  13        763
  14        844
  15        841
  16        951
  17       1031
  18       1047
  19       1263
  20       1362
  21       1338
  22       1310
  23       1377
  24       1508
  25       1677
  26       1844
  27       2035
  28       2319
  29       2617
  30       2996
  31       3310
  32       3705
  33       3979
  34       4165
  35       4369
  36       4689
  37       4712
  38       4958
  39       4735
  40       4879
  41       4752
  42       4898
  43       4492
  44       4604
  45       4527
  46       4398
  47       4195
  48       4318
  49       4058
  50       4034
  51       4086
  52       3927
  53       3833
  54       3773
  55       3735
  56       3646
  57       3683
  58       3542
  59       3443
  60       3343
  61       3238
  62       3129
  63       3118
  64       3054
  65       2945
  66       2879
  67       2764
  68       2855
  69       2712
  70       2744
  71       2537
  72       2511
  73       2530
  74       2434
  75       2366
  76       2378
  77       2325
  78       2363
  79       2297
  80       2210
  81       2237
  82       2191
  83       2087
  84       2243
  85       2081
  86       2074
  87       2144
  88       2117
  89       2192
  90       2120
  91       2061
  92       2074
  93       1971
  94       1946
  95       1821
  96       1747
  97       1628
  98       1551
  99       1591
 100       1511
 101       1548
 102       1504
 103       1452
 104       1474
 105       1481
 106       1465
 107       1477
 108       1441
 109       1381
 110       1399
 111       1319
 112       1339
 113       1321
 114       1222
 115       1201
 116       1163
 117       1178
 118       1197
 119       1129
 120       1213
 121       1169
 122       1165
 123       1147
 124       1129
 125       1147
 126       1096
 127       1140
 128       1065
 129       1071
 130       1110
 131       1026
 132        905
 133        948
 134        925
 135        919
 136        867
 137        851
 138        838
 139        787
 140        794
 141        785
 142        775
 143        774
 144        771
 145        756
 146        724
 147        713
 148        740
 149        742
 150        715
 151        702
 152        736
 153        718
 154        715
 155        643
 156        688
 157        643
 158        699
 159        699
 160        646
 161        666
 162        649
 163        632
 164        608
 165        647
 166        657
 167        607
 168        603
 169        610
 170        609
 171        634
 172        626
 173        658
 174        603
 175        645
 176        642
 177        619
 178        614
 179        654
 180        641
 181        596
 182        603
 183        572
 184        559
 185        627
 186        600
 187        558
 188        604
 189        525
 190        584
 191        540
 192        578
 193        563
 194        608
 195        573
 196        592
 197        566
 198        562
 199        581
 200        607
 201        593
 202        631
 203        658
 204        612
 205        666
 206        635
 207        635
 208        614
 209        639
 210        629
 211        637
 212        613
 213        610
 214        569
 215        546
 216        555
 217        491
 218        559
 219        473
 220        538
 221        501
 222        525
 223        492
 224        486
 225        485
 226        482
 227        505
 228        485
 229        503
 230        462
 231        536
 232        508
 233        454
 234        494
 235        472
 236        470
 237        485
 238        442
 239        502
 240        490
 241        467
 242        451
 243        511
 244        494
 245        454
 246        455
 247        482
 248        452
 249        492
 250        473
 251        497
 252        488
 253        455
 254        458
 255        471
 256        481
 257        478
 258        451
 259        479
 260        459
 261        522
 262        526
 263        455
 264        497
 265        490
 266        467
 267        499
 268        505
 269        488
 270        499
 271        503
 272        463
 273        516
 274        516
 275        469
 276        552
 277        530
 278        504
 279        506
 280        487
 281        529
 282        535
 283        499
 284        494
 285        503
 286        526
 287        473
 288        502
 289        480
 290        521
 291        535
 292        491
 293        518
 294        511
 295        532
 296        544
 297        526
 298        527
 299        508
 300        557
 301        530
 302        543
 303        534
 304        548
 305        569
 306        569
 307        558
 308        558
 309        522
 310        511
 311        530
 312        527
 313        514
 314        413
 315        493
 316        492
 317        459
 318        420
 319        451
 320        445
 321        435
 322        422
 323        411
 324        417
 325        418
 326        421
 327        385
 328        388
 329        377
 330        386
 331        373
 332        368
 333        371
 334        339
 335        359
 336        350
 337        322
 338        356
 339        367
 340        357
 341        326
 342        337
 343        350
 344        316
 345        311
 346        322
 347        286
 348        296
 349        283
 350        297
 351        313
 352        324
 353        273
 354        256
 355        314
 356        294
 357        294
 358        267
 359        283
 360        322
 361        274
 362        322
 363        372
 364        393
 365        381
 366        403
 367        431
 368        445
 369        539
 370        593
 371        668
 372        750
 373        830
 374        888
 375        977
 376       1021
 377       1168
 378       1205
 379       1334
 380       1352
 381       1438
 382       1420
 383       1486
 384       1513
 385       1496
 386       1461
 387       1438
 388       1430
 389       1412
 390       1310
 391       1138
 392       1247
 393       1026
 394        926
 395        839
 396        799
 397        708
 398        643
 399        506
 400        481
 401        400
 402        357
 403        324
 404        328
 405        233
 406        243
 407        217
 408        207
 409        198
 410        220
 411        208
 412        226
 413        247
 414        294
 415        350
 416        304
 417        388
 418        494
 419        536
 420        589
 421        642
 422        752
 423        807
 424        843
 425        919
 426       1007
 427       1033
 428       1156
 429       1151
 430       1184
 431       1208
 432       1201
 433       1276
 434       1211
 435       1216
 436       1126
 437       1101
 438       1064
 439        993
 440        919
 441        850
 442        803
 443        737
 444        645
 445        610
 446        545
 447        495
 448        391
 449        385
 450        357
 451        300
 452        258
 453        209
 454        205
 455        201
 456        158
 457        149
 458        122
 459        104
 460        103
 461         96
 462        101
 463        100
 464         87
 465         95
 466         92
 467         97
 468         78
 469         84
 470         75
 471         63
 472         88
 473         74
 474         68
 475         71
 476         81
 477         86
 478         62
 479         61
 480         73
 481         62
 482         63
 483         45
 484         54
 485         62
 486         46
 487         49
 488         40
 489         38
 490         51
 491         48
 492         36
 493         45
 494         33
 495         49
 496         40
 497         34
 498         40
 499         30
 500         41
 501         29
 502         34
 503         27
 504         42
 505         41
 506         33
 507         39
 508         37
 509         35
 510         40
 511         33
 512         33
 513         35
 514         28
 515         30
 516         47
 517         32
 518         28
 519         26
 520         31
 521         29
 522         30
 523         36
 524         33
 525         27
 526         29
 527         31
 528         33
 529         32
 530         30
 531         29
 532         27
 533         29
 534         40
 535         31
 536         23
 537         28
 538         22
 539         31
 540         19
 541         30
 542         22
 543         32
 544         22
 545         20
 546         39
 547         24
 548         30
 549         25
 550         23
 551         28
 552         19
 553         35
 554         37
 555         30
 556         32
 557         36
 558         36
 559         38
 560         40
 561         41
 562         21
 563         39
 564         33
 565         34
 566         25
 567         32
 568         31
 569         32
 570         29
 571         25
 572         29
 573         32
 574         21
 575         29
 576         30
 577         31
 578         23
 579         20
 580         22
 581         19
 582         30
 583         26
 584         21
 585         29
 586         21
 587         25
 588         20
 589         17
 590         11
 591         37
 592         28
 593         20
 594         17
 595         14
 596         16
 597         18
 598         16
 599         17
 600         18
 601         21
 602         22
 603         17
 604         15
 605         17
 606         27
 607         14
 608         15
 609         12
 610         23
 611         18
 612         19
 613         16
 614         14
 615         17
 616         23
 617         15
 618         16
 619         18
 620         13
 621         18
 622         17
 623         16
 624         29
 625         14
 626         22
 627         14
 628          7
 629         18
 630         14
 631         19
 632         15
 633         19
 634         19
 635         13
 636         15
 637         18
 638         18
 639         25
 640         21
 641         13
 642         15
 643         16
 644         18
 645         16
 646         17
 647         19
 648         21
 649         31
 650         21
 651         19
 652         23
 653         24
 654         18
 655         18
 656         22
 657         24
 658         23
 659         24
 660         24
 661         20
 662         28
 663         19
 664         30
 665         25
 666         27
 667         15
 668         20
 669         21
 670         29
 671         26
 672         24
 673         21
 674         28
 675         19
 676         20
 677         19
 678         25
 679         22
 680         23
 681         13
 682         22
 683         24
 684         18
 685         20
 686         23
 687         17
 688         21
 689         26
 690         23
 691         25
 692         18
 693         19
 694         18
 695         23
 696         17
 697         14
 698         17
 699         16
 700         32
 701         13
 702         21
 703         19
 704         28
 705         18
 706         16
 707         17
 708         23
 709         16
 710         16
 711         18
 712         18
 713         17
 714         19
 715         17
 716         18
 717         10
 718         12
 719         17
 720         16
 721         11
 722          7
 723         11
 724          9
 725         16
 726          7
 727         20
 728          9
 729         10
 730         15
 731          9
 732         10
 733         12
 734          6
 735          9
 736          4
 737         15
 738         11
 739         14
 740         15
 741          5
 742         10
 743          8
 744         11
 745          5
 746         11
 747          7
 748          7
 749          8
 750          5
 751          6
 752          5
 753         10
 754          5
 755         10
 756         10
 757          3
 758          4
 759         13
 760          8
 761          5
 762          8
 763         11
 764         10
 765         16
 766         13
 767         14
 768         10
 769         19
 770         13
 771         14
 772         16
 773         18
 774         19
 775         14
 776         22
 777         20
 778         22
 779         25
 780         26
 781         17
 782         26
 783         27
 784         34
 785         31
 786         29
 787         34
 788         32
 789         37
 790         36
 791         28
 792         44
 793         29
 794         38
 795         28
 796         30
 797         28
 798         28
 799         33
 800         36
 801         32
 802         38
 803         26
 804         31
 805         22
 806         24
 807         22
 808         22
 809         27
 810         17
 811         18
 812         12
 813         17
 814         16
 815         14
 816          8
 817          8
 818         16
 819         15
 820         11
 821         15
 822         10
 823         10
 824         13
 825          9
 826          6
 827          6
 828          8
 829         10
 830          3
 831          3
 832          5
 833          3
 834          1
 835          3
 836          3
 837          4
 838          1
 839          2
 840          0
 841          4
 842          1
 843          4
 844          5
 845          2
 846          1
 847          2
 848          1
 849          1
 850          1
 851          0
 852          1
 853          5
 854          0
 855          0
 856          0
 857          0
 858          0
 859          0
 860          0
 861          1
 862          0
 863          0
 864          2
 865          3
 866          2
 867          1
 868          1
 869          1
 870          1
 871          0
 872          1
 873          2
 874          1
 875          1
 876          1
 877          0
 878          0
 879          0
 880          0
 881          0
 882          1
 883          0
 884          0
 885          0
 886          2
 887          0
 888          1
 889          2
 890          1
 891          1
 892          0
 893          0
 894          0
 895          0
 896          3
 897          1
 898          1
 899          0
 900          1
 901          1
 902          3
 903          1
 904          2
 905          1
 906          1
 907          1
 908          0
 909          2
 910          2
 911          0
 912          2
 913          0
 914          1
 915          1
 916          1
 917          0
 918          1
 919          2
 920          1
 921          1
 922          0
 923          1
 924          1
 925          0
 926          1
 927          1
 928          0
 929          1
 930          0
 931          0
 932          1
 933          2
 934          1
 935          1
 936          2
 937          1
 938          0
 939          0
 940          3
 941          1
 942          1
 943          0
 944          1
 945          1
 946          0
 947          1
 948          2
 949          2
 950          0
 951          0
 952          0
 953          1
 954          1
 955          1
 956          0
 957          0
 958          1
 959          0
 960          0
 961          0
 962          1
 963          1
 964          1
 965          2
 966          1
 967          1
 968          0
 969          0
 970          2
 971          1
 972          2
 973          0
 974          2
 975          1
 976          0
 977          1
 978          1
 979          0
 980          2
 981          0
 982          2
 983          1
 984          0
 985          0
 986          0
 987          2
 988          0
 989          2
 990          4
 991          0
 992          1
 993          1
 994          0
 995          1
 996          1
 997          1
 998          1
 999          0
1000          1
1001          2
1002          1
1003          1
1004          0
1005          0
1006          2
1007          1
1008          0
1009          0
1010          0
1011          0
1012          0
1013          0
1014          0
1015          0
1016          0
1017          0
1018          0
1019          0
1020          0
1021          0
1022          0
1023          0
