canal	 cuentas
   0          0
   1          0
   2          0
   3          0
   4          0
   5          0
   6          0
   7          0
   8          0
   9          0
  10          0
  11         67
  12        242
  13        230
  14        231
  15        257
  16        273
  17        286
  18        367
  19        431
  20        439
  21        517
  22        467
  23        487
  24        571
  25        571
  26        623
  27        619
  28        706
  29        816
  30        947
  31       1066
  32       1171
  33       1338
  34       1491
  35       1599
  36       1723
  37       1922
  38       1995
  39       2148
  40       2360
  41       2380
  42       2568
  43       2668
  44       2765
  45       2851
  46       2842
  47       2763
  48       2746
  49       2567
  50       2474
  51       2381
  52       2441
  53       2603
  54       3104
  55       3821
  56       4632
  57       5570
  58       6211
  59       6271
  60       5856
  61       5019
  62       3929
  63       2880
  64       2315
  65       1951
  66       1784
  67       1559
  68       1389
  69       1290
  70       1211
  71       1152
  72       1101
  73       1088
  74       1031
  75        989
  76       1007
  77        958
  78        966
  79        919
  80        892
  81        898
  82        891
  83        899
  84        851
  85        773
  86        826
  87        761
  88        756
  89        751
  90        751
  91        708
  92        698
  93        710
  94        713
  95        716
  96        691
  97        737
  98        689
  99        679
 100        684
 101        693
 102        667
 103        638
 104        618
 105        578
 106        563
 107        515
 108        472
 109        455
 110        447
 111        408
 112        425
 113        424
 114        399
 115        408
 116        429
 117        377
 118        407
 119        415
 120        392
 121        354
 122        400
 123        358
 124        412
 125        361
 126        359
 127        319
 128        302
 129        304
 130        292
 131        298
 132        285
 133        284
 134        284
 135        304
 136        304
 137        310
 138        291
 139        298
 140        293
 141        298
 142        281
 143        271
 144        292
 145        269
 146        246
 147        261
 148        258
 149        222
 150        206
 151        229
 152        199
 153        197
 154        195
 155        195
 156        188
 157        186
 158        179
 159        183
 160        183
 161        167
 162        167
 163        147
 164        170
 165        158
 166        156
 167        145
 168        152
 169        153
 170        148
 171        136
 172        130
 173        146
 174        150
 175        133
 176        137
 177        134
 178        128
 179        138
 180        136
 181        145
 182        133
 183        110
 184        141
 185        132
 186        148
 187        147
 188        137
 189        135
 190        116
 191        107
 192        110
 193        111
 194        122
 195        117
 196        146
 197        143
 198        123
 199        124
 200        147
 201        137
 202        115
 203        115
 204        138
 205        123
 206        111
 207        116
 208        140
 209        115
 210         96
 211        108
 212        107
 213        102
 214        113
 215         98
 216        105
 217        100
 218         95
 219        117
 220        113
 221        130
 222        113
 223        124
 224        119
 225        133
 226        119
 227        147
 228        137
 229        138
 230        146
 231        129
 232        138
 233        139
 234        117
 235        138
 236        136
 237        137
 238        120
 239        123
 240        105
 241         90
 242         77
 243         98
 244         71
 245         86
 246         66
 247         74
 248         67
 249         69
 250         67
 251         71
 252         49
 253         53
 254         56
 255         60
 256         58
 257         74
 258         69
 259         53
 260         67
 261         64
 262         66
 263         62
 264         59
 265         60
 266         66
 267         67
 268         51
 269         56
 270         67
 271         54
 272         50
 273         60
 274         73
 275         59
 276         65
 277         55
 278         61
 279         54
 280         71
 281         59
 282         43
 283         59
 284         66
 285         61
 286         57
 287         64
 288         56
 289         54
 290         59
 291         57
 292         43
 293         34
 294         45
 295         49
 296         43
 297         43
 298         48
 299         60
 300         35
 301         34
 302         56
 303         41
 304         43
 305         35
 306         52
 307         51
 308         35
 309         56
 310         44
 311         49
 312         35
 313         40
 314         41
 315         42
 316         48
 317         45
 318         44
 319         50
 320         34
 321         50
 322         37
 323         45
 324         46
 325         42
 326         44
 327         48
 328         54
 329         42
 330         40
 331         35
 332         54
 333         46
 334         47
 335         50
 336         62
 337         58
 338         44
 339         52
 340         59
 341         63
 342         53
 343         49
 344         48
 345         52
 346         44
 347         64
 348         52
 349         48
 350         57
 351         39
 352         41
 353         57
 354         41
 355         48
 356         63
 357         48
 358         50
 359         46
 360         50
 361         46
 362         51
 363         44
 364         41
 365         41
 366         37
 367         33
 368         41
 369         33
 370         43
 371         39
 372         30
 373         31
 374         22
 375         20
 376         31
 377         26
 378         31
 379         21
 380         27
 381         27
 382         30
 383         36
 384         28
 385         24
 386         21
 387         23
 388         29
 389         22
 390         29
 391         26
 392         25
 393         23
 394         16
 395         19
 396         31
 397         24
 398         26
 399         22
 400         22
 401         29
 402         33
 403         38
 404         33
 405         28
 406         32
 407         20
 408         22
 409         26
 410         35
 411         40
 412         30
 413         22
 414         29
 415         37
 416         33
 417         24
 418         44
 419         28
 420         29
 421         29
 422         20
 423         34
 424         34
 425         21
 426         23
 427         24
 428         33
 429         22
 430         37
 431         18
 432         16
 433         22
 434         18
 435         20
 436         24
 437         17
 438         15
 439         13
 440         18
 441         22
 442         23
 443         16
 444         18
 445         20
 446         20
 447         25
 448         24
 449         15
 450         20
 451         20
 452         21
 453         23
 454         20
 455         18
 456         19
 457         17
 458         18
 459         10
 460         23
 461         18
 462         25
 463         19
 464         23
 465         20
 466         18
 467         24
 468         12
 469         12
 470         20
 471          8
 472         13
 473         15
 474         22
 475         19
 476         21
 477          8
 478         16
 479         13
 480         12
 481         17
 482         16
 483         10
 484         11
 485         10
 486         13
 487         11
 488         15
 489         13
 490         13
 491         16
 492         16
 493          5
 494         22
 495         19
 496         12
 497         18
 498         21
 499         14
 500         15
 501         23
 502         19
 503         13
 504         20
 505         17
 506         28
 507         18
 508         19
 509         18
 510         23
 511         21
 512         20
 513         17
 514         29
 515         28
 516         27
 517         25
 518         30
 519         17
 520         24
 521         23
 522         31
 523         28
 524         32
 525         38
 526         34
 527         29
 528         23
 529         26
 530         19
 531         23
 532         25
 533         26
 534         26
 535         31
 536         22
 537         16
 538         26
 539         18
 540         14
 541         33
 542         16
 543         21
 544         14
 545         19
 546         18
 547         20
 548         15
 549          9
 550         15
 551         12
 552         21
 553          8
 554          8
 555         15
 556          8
 557         18
 558         12
 559         18
 560         12
 561         13
 562         13
 563         13
 564          9
 565         16
 566          9
 567         14
 568         19
 569         12
 570         12
 571         15
 572         16
 573         10
 574          6
 575         17
 576         13
 577         15
 578          7
 579          6
 580         10
 581         14
 582          9
 583          6
 584          9
 585          7
 586          6
 587         16
 588         10
 589         14
 590          5
 591          6
 592         10
 593         17
 594         11
 595          9
 596         11
 597         10
 598          8
 599          4
 600         13
 601         11
 602          6
 603          5
 604         10
 605         10
 606         10
 607          8
 608          6
 609          9
 610         16
 611         13
 612         13
 613          8
 614          9
 615          9
 616         11
 617         13
 618         12
 619         14
 620         21
 621         12
 622         18
 623         11
 624         15
 625         17
 626         11
 627         11
 628          9
 629          8
 630         15
 631          7
 632          8
 633         17
 634         11
 635         16
 636         10
 637         12
 638          7
 639          9
 640          7
 641          9
 642          7
 643         11
 644          8
 645          6
 646          7
 647         10
 648         13
 649         12
 650          7
 651          5
 652          6
 653          9
 654          7
 655          8
 656          7
 657          9
 658          4
 659          6
 660          6
 661          9
 662         12
 663          9
 664          2
 665          9
 666          3
 667          9
 668         11
 669          5
 670          4
 671          1
 672          4
 673          5
 674          7
 675          4
 676          7
 677          8
 678          7
 679          8
 680          7
 681          6
 682         13
 683          6
 684          8
 685          5
 686          3
 687          7
 688          7
 689         10
 690          9
 691          3
 692          2
 693          2
 694          2
 695          2
 696          1
 697          0
 698          6
 699          7
 700          8
 701          5
 702          6
 703          4
 704          2
 705          9
 706          9
 707          5
 708          6
 709          5
 710          1
 711          8
 712          2
 713         11
 714          6
 715          2
 716          4
 717          9
 718         10
 719          5
 720          4
 721          8
 722          5
 723          9
 724         11
 725          8
 726         10
 727          6
 728          6
 729          4
 730          8
 731          6
 732          5
 733          6
 734          5
 735         15
 736          8
 737          8
 738          8
 739          6
 740         15
 741          1
 742         11
 743         11
 744          9
 745         11
 746         10
 747         11
 748          5
 749          7
 750          7
 751          6
 752          6
 753          6
 754          7
 755          6
 756          6
 757          8
 758          4
 759          4
 760          6
 761          7
 762          9
 763          7
 764          6
 765         10
 766         11
 767          7
 768          4
 769          9
 770          4
 771          4
 772          6
 773         11
 774          8
 775          6
 776          7
 777         13
 778          5
 779          9
 780         10
 781          2
 782          7
 783         11
 784          6
 785          9
 786          5
 787          5
 788          7
 789          6
 790          9
 791          4
 792          1
 793          5
 794          0
 795         10
 796          3
 797          8
 798          4
 799          5
 800          4
 801          7
 802          8
 803          3
 804          9
 805          2
 806          6
 807          3
 808          5
 809          3
 810          4
 811          4
 812          5
 813          2
 814          5
 815          2
 816          6
 817          3
 818          5
 819          6
 820          4
 821          4
 822          7
 823          5
 824          3
 825          0
 826          3
 827          4
 828          2
 829          4
 830          3
 831          2
 832          2
 833          1
 834          2
 835          5
 836          4
 837          2
 838          3
 839          2
 840          6
 841          4
 842          3
 843          1
 844          3
 845          5
 846          1
 847          1
 848          5
 849          1
 850          1
 851          1
 852          2
 853          1
 854          1
 855          3
 856          4
 857          5
 858          2
 859          6
 860          1
 861          5
 862          1
 863          6
 864          3
 865          3
 866          5
 867          5
 868          8
 869          8
 870          7
 871         18
 872          8
 873         13
 874          9
 875          8
 876          9
 877         12
 878          9
 879         14
 880         16
 881         12
 882         16
 883         17
 884         13
 885         13
 886          9
 887         12
 888         10
 889         13
 890         11
 891         12
 892          8
 893          7
 894          9
 895          9
 896          9
 897          9
 898          9
 899          8
 900          8
 901          9
 902          8
 903          7
 904          9
 905          6
 906          4
 907          6
 908          3
 909          8
 910          8
 911          5
 912         10
 913          5
 914          2
 915          3
 916          1
 917          3
 918          2
 919          6
 920          3
 921          4
 922          1
 923          1
 924          4
 925          1
 926          1
 927          2
 928          2
 929          2
 930          2
 931          2
 932          2
 933          2
 934          1
 935          0
 936          0
 937          0
 938          0
 939          0
 940          0
 941          1
 942          0
 943          0
 944          0
 945          0
 946          2
 947          1
 948          0
 949          0
 950          1
 951          0
 952          0
 953          0
 954          0
 955          0
 956          0
 957          0
 958          0
 959          0
 960          0
 961          0
 962          0
 963          0
 964          1
 965          1
 966          0
 967          3
 968          3
 969          0
 970          0
 971          0
 972          0
 973          1
 974          0
 975          2
 976          0
 977          0
 978          0
 979          3
 980          0
 981          0
 982          0
 983          0
 984          0
 985          1
 986          0
 987          1
 988          0
 989          2
 990          0
 991          0
 992          0
 993          0
 994          0
 995          0
 996          0
 997          0
 998          1
 999          0
1000          0
1001          0
1002          1
1003          0
1004          1
1005          0
1006          0
1007          0
1008          0
1009          0
1010          0
1011          0
1012          0
1013          0
1014          0
1015          0
1016          0
1017          0
1018          0
1019          0
1020          0
1021          0
1022          0
1023          0
